0	2
0.001	1.996
0.002	1.99202
0.003	1.98804
0.004	1.98406
0.005	1.9801
0.006	1.97614
0.007	1.9722
0.008	1.96825
0.009	1.96432
0.01	1.9604
0.011	1.95648
0.012	1.95257
0.013	1.94867
0.014	1.94478
0.015	1.94089
0.016	1.93701
0.017	1.93314
0.018	1.92928
0.019	1.92543
0.02	1.92158
0.021	1.91774
0.022	1.91391
0.023	1.91008
0.024	1.90627
0.025	1.90246
0.026	1.89866
0.027	1.89486
0.028	1.89108
0.029	1.8873
0.03	1.88353
0.031	1.87977
0.032	1.87601
0.033	1.87226
0.034	1.86852
0.035	1.86479
0.036	1.86106
0.037	1.85734
0.038	1.85363
0.039	1.84993
0.04	1.84623
0.041	1.84254
0.042	1.83886
0.043	1.83519
0.044	1.83152
0.045	1.82786
0.046	1.82421
0.047	1.82057
0.048	1.81693
0.049	1.8133
0.05	1.80967
0.051	1.80606
0.052	1.80245
0.053	1.79885
0.054	1.79526
0.055	1.79167
0.056	1.78809
0.057	1.78452
0.058	1.78095
0.059	1.77739
0.06	1.77384
0.061	1.7703
0.062	1.76676
0.063	1.76323
0.064	1.75971
0.065	1.75619
0.066	1.75268
0.067	1.74918
0.068	1.74569
0.069	1.7422
0.07	1.73872
0.071	1.73524
0.072	1.73178
0.073	1.72832
0.074	1.72486
0.075	1.72142
0.076	1.71798
0.077	1.71454
0.078	1.71112
0.079	1.7077
0.08	1.70429
0.081	1.70088
0.082	1.69748
0.083	1.69409
0.084	1.69071
0.085	1.68733
0.086	1.68396
0.087	1.68059
0.088	1.67724
0.089	1.67388
0.09	1.67054
0.091	1.6672
0.092	1.66387
0.093	1.66055
0.094	1.65723
0.095	1.65392
0.096	1.65061
0.097	1.64732
0.098	1.64402
0.099	1.64074
0.1	1.63746
0.101	1.63419
0.102	1.63092
0.103	1.62767
0.104	1.62441
0.105	1.62117
0.106	1.61793
0.107	1.6147
0.108	1.61147
0.109	1.60825
0.11	1.60504
0.111	1.60183
0.112	1.59863
0.113	1.59544
0.114	1.59225
0.115	1.58907
0.116	1.58589
0.117	1.58272
0.118	1.57956
0.119	1.57641
0.12	1.57326
0.121	1.57011
0.122	1.56698
0.123	1.56384
0.124	1.56072
0.125	1.5576
0.126	1.55449
0.127	1.55138
0.128	1.54828
0.129	1.54519
0.13	1.5421
0.131	1.53902
0.132	1.53595
0.133	1.53288
0.134	1.52982
0.135	1.52676
0.136	1.52371
0.137	1.52066
0.138	1.51763
0.139	1.51459
0.14	1.51157
0.141	1.50855
0.142	1.50553
0.143	1.50253
0.144	1.49952
0.145	1.49653
0.146	1.49354
0.147	1.49055
0.148	1.48757
0.149	1.4846
0.15	1.48164
0.151	1.47868
0.152	1.47572
0.153	1.47277
0.154	1.46983
0.155	1.46689
0.156	1.46396
0.157	1.46104
0.158	1.45812
0.159	1.45521
0.16	1.4523
0.161	1.4494
0.162	1.4465
0.163	1.44361
0.164	1.44073
0.165	1.43785
0.166	1.43497
0.167	1.43211
0.168	1.42925
0.169	1.42639
0.17	1.42354
0.171	1.4207
0.172	1.41786
0.173	1.41502
0.174	1.4122
0.175	1.40938
0.176	1.40656
0.177	1.40375
0.178	1.40095
0.179	1.39815
0.18	1.39535
0.181	1.39256
0.182	1.38978
0.183	1.38701
0.184	1.38423
0.185	1.38147
0.186	1.37871
0.187	1.37595
0.188	1.3732
0.189	1.37046
0.19	1.36772
0.191	1.36499
0.192	1.36226
0.193	1.35954
0.194	1.35682
0.195	1.35411
0.196	1.35141
0.197	1.34871
0.198	1.34601
0.199	1.34332
0.2	1.34064
0.201	1.33796
0.202	1.33529
0.203	1.33262
0.204	1.32996
0.205	1.3273
0.206	1.32465
0.207	1.322
0.208	1.31936
0.209	1.31672
0.21	1.31409
0.211	1.31147
0.212	1.30885
0.213	1.30623
0.214	1.30362
0.215	1.30102
0.216	1.29842
0.217	1.29582
0.218	1.29324
0.219	1.29065
0.22	1.28807
0.221	1.2855
0.222	1.28293
0.223	1.28037
0.224	1.27781
0.225	1.27526
0.226	1.27271
0.227	1.27017
0.228	1.26763
0.229	1.26509
0.23	1.26257
0.231	1.26004
0.232	1.25753
0.233	1.25501
0.234	1.25251
0.235	1.25
0.236	1.24751
0.237	1.24501
0.238	1.24253
0.239	1.24004
0.24	1.23757
0.241	1.23509
0.242	1.23263
0.243	1.23016
0.244	1.22771
0.245	1.22525
0.246	1.2228
0.247	1.22036
0.248	1.21792
0.249	1.21549
0.25	1.21306
0.251	1.21064
0.252	1.20822
0.253	1.2058
0.254	1.2034
0.255	1.20099
0.256	1.19859
0.257	1.1962
0.258	1.19381
0.259	1.19142
0.26	1.18904
0.261	1.18667
0.262	1.18429
0.263	1.18193
0.264	1.17957
0.265	1.17721
0.266	1.17486
0.267	1.17251
0.268	1.17017
0.269	1.16783
0.27	1.1655
0.271	1.16317
0.272	1.16084
0.273	1.15852
0.274	1.15621
0.275	1.1539
0.276	1.15159
0.277	1.14929
0.278	1.147
0.279	1.14471
0.28	1.14242
0.281	1.14014
0.282	1.13786
0.283	1.13558
0.284	1.13332
0.285	1.13105
0.286	1.12879
0.287	1.12654
0.288	1.12428
0.289	1.12204
0.29	1.1198
0.291	1.11756
0.292	1.11533
0.293	1.1131
0.294	1.11087
0.295	1.10865
0.296	1.10644
0.297	1.10423
0.298	1.10202
0.299	1.09982
0.3	1.09762
0.301	1.09543
0.302	1.09324
0.303	1.09106
0.304	1.08888
0.305	1.0867
0.306	1.08453
0.307	1.08236
0.308	1.0802
0.309	1.07804
0.31	1.07589
0.311	1.07374
0.312	1.07159
0.313	1.06945
0.314	1.06732
0.315	1.06518
0.316	1.06306
0.317	1.06093
0.318	1.05881
0.319	1.0567
0.32	1.05458
0.321	1.05248
0.322	1.05037
0.323	1.04828
0.324	1.04618
0.325	1.04409
0.326	1.04201
0.327	1.03992
0.328	1.03785
0.329	1.03577
0.33	1.0337
0.331	1.03164
0.332	1.02958
0.333	1.02752
0.334	1.02547
0.335	1.02342
0.336	1.02137
0.337	1.01933
0.338	1.0173
0.339	1.01526
0.34	1.01323
0.341	1.01121
0.342	1.00919
0.343	1.00717
0.344	1.00516
0.345	1.00315
0.346	1.00115
0.347	0.999148
0.348	0.997151
0.349	0.995159
0.35	0.993171
0.351	0.991186
0.352	0.989206
0.353	0.987229
0.354	0.985257
0.355	0.983288
0.356	0.981324
0.357	0.979363
0.358	0.977406
0.359	0.975453
0.36	0.973505
0.361	0.971559
0.362	0.969618
0.363	0.967681
0.364	0.965748
0.365	0.963818
0.366	0.961892
0.367	0.95997
0.368	0.958052
0.369	0.956138
0.37	0.954228
0.371	0.952321
0.372	0.950419
0.373	0.94852
0.374	0.946624
0.375	0.944733
0.376	0.942846
0.377	0.940962
0.378	0.939082
0.379	0.937205
0.38	0.935333
0.381	0.933464
0.382	0.931599
0.383	0.929738
0.384	0.92788
0.385	0.926026
0.386	0.924176
0.387	0.922329
0.388	0.920487
0.389	0.918647
0.39	0.916812
0.391	0.91498
0.392	0.913152
0.393	0.911328
0.394	0.909507
0.395	0.90769
0.396	0.905876
0.397	0.904066
0.398	0.90226
0.399	0.900457
0.4	0.898658
0.401	0.896862
0.402	0.89507
0.403	0.893282
0.404	0.891497
0.405	0.889716
0.406	0.887938
0.407	0.886164
0.408	0.884394
0.409	0.882627
0.41	0.880863
0.411	0.879103
0.412	0.877347
0.413	0.875594
0.414	0.873845
0.415	0.872099
0.416	0.870356
0.417	0.868617
0.418	0.866882
0.419	0.86515
0.42	0.863421
0.421	0.861696
0.422	0.859974
0.423	0.858256
0.424	0.856541
0.425	0.85483
0.426	0.853122
0.427	0.851417
0.428	0.849716
0.429	0.848019
0.43	0.846324
0.431	0.844633
0.432	0.842946
0.433	0.841261
0.434	0.839581
0.435	0.837903
0.436	0.836229
0.437	0.834558
0.438	0.832891
0.439	0.831227
0.44	0.829566
0.441	0.827908
0.442	0.826254
0.443	0.824603
0.444	0.822956
0.445	0.821312
0.446	0.819671
0.447	0.818033
0.448	0.816398
0.449	0.814767
0.45	0.813139
0.451	0.811515
0.452	0.809893
0.453	0.808275
0.454	0.80666
0.455	0.805048
0.456	0.80344
0.457	0.801835
0.458	0.800233
0.459	0.798634
0.46	0.797038
0.461	0.795446
0.462	0.793856
0.463	0.79227
0.464	0.790687
0.465	0.789107
0.466	0.787531
0.467	0.785957
0.468	0.784387
0.469	0.78282
0.47	0.781256
0.471	0.779695
0.472	0.778137
0.473	0.776582
0.474	0.775031
0.475	0.773482
0.476	0.771937
0.477	0.770394
0.478	0.768855
0.479	0.767319
0.48	0.765786
0.481	0.764256
0.482	0.762729
0.483	0.761205
0.484	0.759684
0.485	0.758166
0.486	0.756651
0.487	0.755139
0.488	0.753631
0.489	0.752125
0.49	0.750622
0.491	0.749122
0.492	0.747626
0.493	0.746132
0.494	0.744641
0.495	0.743153
0.496	0.741669
0.497	0.740187
0.498	0.738708
0.499	0.737232
0.5	0.735759
0.501	0.734289
0.502	0.732822
0.503	0.731358
0.504	0.729896
0.505	0.728438
0.506	0.726983
0.507	0.72553
0.508	0.72408
0.509	0.722634
0.51	0.72119
0.511	0.719749
0.512	0.718311
0.513	0.716876
0.514	0.715443
0.515	0.714014
0.516	0.712587
0.517	0.711164
0.518	0.709743
0.519	0.708325
0.52	0.706909
0.521	0.705497
0.522	0.704087
0.523	0.702681
0.524	0.701277
0.525	0.699875
0.526	0.698477
0.527	0.697082
0.528	0.695689
0.529	0.694299
0.53	0.692912
0.531	0.691527
0.532	0.690146
0.533	0.688767
0.534	0.68739
0.535	0.686017
0.536	0.684646
0.537	0.683278
0.538	0.681913
0.539	0.680551
0.54	0.679191
0.541	0.677834
0.542	0.67648
0.543	0.675128
0.544	0.673779
0.545	0.672433
0.546	0.671089
0.547	0.669749
0.548	0.66841
0.549	0.667075
0.55	0.665742
0.551	0.664412
0.552	0.663085
0.553	0.66176
0.554	0.660437
0.555	0.659118
0.556	0.657801
0.557	0.656487
0.558	0.655175
0.559	0.653866
0.56	0.65256
0.561	0.651256
0.562	0.649955
0.563	0.648656
0.564	0.64736
0.565	0.646067
0.566	0.644776
0.567	0.643487
0.568	0.642202
0.569	0.640919
0.57	0.639638
0.571	0.63836
0.572	0.637085
0.573	0.635812
0.574	0.634541
0.575	0.633274
0.576	0.632008
0.577	0.630746
0.578	0.629485
0.579	0.628228
0.58	0.626972
0.581	0.62572
0.582	0.624469
0.583	0.623222
0.584	0.621977
0.585	0.620734
0.586	0.619494
0.587	0.618256
0.588	0.617021
0.589	0.615788
0.59	0.614557
0.591	0.61333
0.592	0.612104
0.593	0.610881
0.594	0.609661
0.595	0.608443
0.596	0.607227
0.597	0.606014
0.598	0.604803
0.599	0.603594
0.6	0.602388
0.601	0.601185
0.602	0.599984
0.603	0.598785
0.604	0.597589
0.605	0.596395
0.606	0.595203
0.607	0.594014
0.608	0.592827
0.609	0.591642
0.61	0.59046
0.611	0.589281
0.612	0.588103
0.613	0.586928
0.614	0.585755
0.615	0.584585
0.616	0.583417
0.617	0.582251
0.618	0.581088
0.619	0.579927
0.62	0.578768
0.621	0.577612
0.622	0.576458
0.623	0.575306
0.624	0.574157
0.625	0.57301
0.626	0.571865
0.627	0.570722
0.628	0.569582
0.629	0.568444
0.63	0.567308
0.631	0.566175
0.632	0.565043
0.633	0.563914
0.634	0.562788
0.635	0.561663
0.636	0.560541
0.637	0.559421
0.638	0.558303
0.639	0.557188
0.64	0.556075
0.641	0.554964
0.642	0.553855
0.643	0.552748
0.644	0.551644
0.645	0.550542
0.646	0.549442
0.647	0.548344
0.648	0.547248
0.649	0.546155
0.65	0.545064
0.651	0.543975
0.652	0.542888
0.653	0.541803
0.654	0.54072
0.655	0.53964
0.656	0.538562
0.657	0.537486
0.658	0.536412
0.659	0.53534
0.66	0.534271
0.661	0.533203
0.662	0.532138
0.663	0.531075
0.664	0.530013
0.665	0.528955
0.666	0.527898
0.667	0.526843
0.668	0.52579
0.669	0.52474
0.67	0.523691
0.671	0.522645
0.672	0.521601
0.673	0.520559
0.674	0.519519
0.675	0.518481
0.676	0.517445
0.677	0.516411
0.678	0.515379
0.679	0.514349
0.68	0.513322
0.681	0.512296
0.682	0.511272
0.683	0.510251
0.684	0.509231
0.685	0.508214
0.686	0.507199
0.687	0.506185
0.688	0.505174
0.689	0.504164
0.69	0.503157
0.691	0.502152
0.692	0.501148
0.693	0.500147
0.694	0.499148
0.695	0.498151
0.696	0.497155
0.697	0.496162
0.698	0.495171
0.699	0.494181
0.7	0.493194
0.701	0.492209
0.702	0.491225
0.703	0.490244
0.704	0.489264
0.705	0.488287
0.706	0.487311
0.707	0.486337
0.708	0.485366
0.709	0.484396
0.71	0.483428
0.711	0.482462
0.712	0.481498
0.713	0.480536
0.714	0.479576
0.715	0.478618
0.716	0.477662
0.717	0.476707
0.718	0.475755
0.719	0.474804
0.72	0.473856
0.721	0.472909
0.722	0.471964
0.723	0.471021
0.724	0.47008
0.725	0.469141
0.726	0.468203
0.727	0.467268
0.728	0.466334
0.729	0.465402
0.73	0.464473
0.731	0.463545
0.732	0.462618
0.733	0.461694
0.734	0.460772
0.735	0.459851
0.736	0.458932
0.737	0.458015
0.738	0.4571
0.739	0.456187
0.74	0.455275
0.741	0.454366
0.742	0.453458
0.743	0.452552
0.744	0.451648
0.745	0.450745
0.746	0.449845
0.747	0.448946
0.748	0.448049
0.749	0.447154
0.75	0.44626
0.751	0.445369
0.752	0.444479
0.753	0.443591
0.754	0.442704
0.755	0.44182
0.756	0.440937
0.757	0.440056
0.758	0.439177
0.759	0.438299
0.76	0.437424
0.761	0.43655
0.762	0.435678
0.763	0.434807
0.764	0.433938
0.765	0.433071
0.766	0.432206
0.767	0.431343
0.768	0.430481
0.769	0.429621
0.77	0.428762
0.771	0.427906
0.772	0.427051
0.773	0.426197
0.774	0.425346
0.775	0.424496
0.776	0.423648
0.777	0.422801
0.778	0.421957
0.779	0.421114
0.78	0.420272
0.781	0.419432
0.782	0.418594
0.783	0.417758
0.784	0.416923
0.785	0.41609
0.786	0.415259
0.787	0.414429
0.788	0.413601
0.789	0.412775
0.79	0.41195
0.791	0.411127
0.792	0.410306
0.793	0.409486
0.794	0.408668
0.795	0.407851
0.796	0.407036
0.797	0.406223
0.798	0.405411
0.799	0.404601
0.8	0.403793
0.801	0.402986
0.802	0.402181
0.803	0.401378
0.804	0.400576
0.805	0.399775
0.806	0.398976
0.807	0.398179
0.808	0.397384
0.809	0.39659
0.81	0.395797
0.811	0.395007
0.812	0.394217
0.813	0.39343
0.814	0.392644
0.815	0.391859
0.816	0.391076
0.817	0.390295
0.818	0.389515
0.819	0.388737
0.82	0.38796
0.821	0.387185
0.822	0.386411
0.823	0.385639
0.824	0.384869
0.825	0.3841
0.826	0.383332
0.827	0.382566
0.828	0.381802
0.829	0.381039
0.83	0.380278
0.831	0.379518
0.832	0.37876
0.833	0.378003
0.834	0.377248
0.835	0.376494
0.836	0.375742
0.837	0.374991
0.838	0.374242
0.839	0.373494
0.84	0.372748
0.841	0.372003
0.842	0.37126
0.843	0.370518
0.844	0.369778
0.845	0.369039
0.846	0.368302
0.847	0.367566
0.848	0.366831
0.849	0.366099
0.85	0.365367
0.851	0.364637
0.852	0.363908
0.853	0.363181
0.854	0.362456
0.855	0.361732
0.856	0.361009
0.857	0.360288
0.858	0.359568
0.859	0.358849
0.86	0.358132
0.861	0.357417
0.862	0.356703
0.863	0.35599
0.864	0.355279
0.865	0.354569
0.866	0.35386
0.867	0.353153
0.868	0.352448
0.869	0.351744
0.87	0.351041
0.871	0.350339
0.872	0.349639
0.873	0.348941
0.874	0.348244
0.875	0.347548
0.876	0.346853
0.877	0.34616
0.878	0.345469
0.879	0.344779
0.88	0.34409
0.881	0.343402
0.882	0.342716
0.883	0.342031
0.884	0.341348
0.885	0.340666
0.886	0.339985
0.887	0.339306
0.888	0.338628
0.889	0.337952
0.89	0.337276
0.891	0.336602
0.892	0.33593
0.893	0.335259
0.894	0.334589
0.895	0.33392
0.896	0.333253
0.897	0.332587
0.898	0.331923
0.899	0.33126
0.9	0.330598
0.901	0.329937
0.902	0.329278
0.903	0.32862
0.904	0.327964
0.905	0.327308
0.906	0.326654
0.907	0.326002
0.908	0.32535
0.909	0.3247
0.91	0.324052
0.911	0.323404
0.912	0.322758
0.913	0.322113
0.914	0.321469
0.915	0.320827
0.916	0.320186
0.917	0.319546
0.918	0.318908
0.919	0.318271
0.92	0.317635
0.921	0.317
0.922	0.316367
0.923	0.315735
0.924	0.315104
0.925	0.314474
0.926	0.313846
0.927	0.313219
0.928	0.312593
0.929	0.311969
0.93	0.311345
0.931	0.310723
0.932	0.310102
0.933	0.309483
0.934	0.308864
0.935	0.308247
0.936	0.307631
0.937	0.307017
0.938	0.306403
0.939	0.305791
0.94	0.30518
0.941	0.30457
0.942	0.303962
0.943	0.303355
0.944	0.302749
0.945	0.302144
0.946	0.30154
0.947	0.300937
0.948	0.300336
0.949	0.299736
0.95	0.299137
0.951	0.29854
0.952	0.297943
0.953	0.297348
0.954	0.296754
0.955	0.296161
0.956	0.295569
0.957	0.294978
0.958	0.294389
0.959	0.293801
0.96	0.293214
0.961	0.292628
0.962	0.292043
0.963	0.29146
0.964	0.290878
0.965	0.290296
0.966	0.289716
0.967	0.289138
0.968	0.28856
0.969	0.287983
0.97	0.287408
0.971	0.286834
0.972	0.286261
0.973	0.285689
0.974	0.285118
0.975	0.284548
0.976	0.28398
0.977	0.283412
0.978	0.282846
0.979	0.282281
0.98	0.281717
0.981	0.281154
0.982	0.280592
0.983	0.280032
0.984	0.279472
0.985	0.278914
0.986	0.278356
0.987	0.2778
0.988	0.277245
0.989	0.276691
0.99	0.276138
0.991	0.275587
0.992	0.275036
0.993	0.274487
0.994	0.273938
0.995	0.273391
0.996	0.272845
0.997	0.272299
0.998	0.271755
0.999	0.271212
1	0.270671
1.001	0.27013
1.002	0.26959
1.003	0.269051
1.004	0.268514
1.005	0.267977
1.006	0.267442
1.007	0.266908
1.008	0.266374
1.009	0.265842
1.01	0.265311
1.011	0.264781
1.012	0.264252
1.013	0.263724
1.014	0.263197
1.015	0.262671
1.016	0.262146
1.017	0.261622
1.018	0.2611
1.019	0.260578
1.02	0.260057
1.021	0.259538
1.022	0.259019
1.023	0.258502
1.024	0.257985
1.025	0.25747
1.026	0.256955
1.027	0.256442
1.028	0.25593
1.029	0.255418
1.03	0.254908
1.031	0.254399
1.032	0.25389
1.033	0.253383
1.034	0.252877
1.035	0.252372
1.036	0.251867
1.037	0.251364
1.038	0.250862
1.039	0.250361
1.04	0.24986
1.041	0.249361
1.042	0.248863
1.043	0.248366
1.044	0.24787
1.045	0.247374
1.046	0.24688
1.047	0.246387
1.048	0.245894
1.049	0.245403
1.05	0.244913
1.051	0.244424
1.052	0.243935
1.053	0.243448
1.054	0.242961
1.055	0.242476
1.056	0.241991
1.057	0.241508
1.058	0.241025
1.059	0.240544
1.06	0.240063
1.061	0.239584
1.062	0.239105
1.063	0.238627
1.064	0.23815
1.065	0.237675
1.066	0.2372
1.067	0.236726
1.068	0.236253
1.069	0.235781
1.07	0.23531
1.071	0.23484
1.072	0.23437
1.073	0.233902
1.074	0.233435
1.075	0.232968
1.076	0.232503
1.077	0.232038
1.078	0.231575
1.079	0.231112
1.08	0.23065
1.081	0.230189
1.082	0.229729
1.083	0.22927
1.084	0.228812
1.085	0.228355
1.086	0.227899
1.087	0.227444
1.088	0.226989
1.089	0.226536
1.09	0.226083
1.091	0.225631
1.092	0.225181
1.093	0.224731
1.094	0.224282
1.095	0.223833
1.096	0.223386
1.097	0.22294
1.098	0.222495
1.099	0.22205
1.1	0.221606
1.101	0.221164
1.102	0.220722
1.103	0.220281
1.104	0.219841
1.105	0.219401
1.106	0.218963
1.107	0.218525
1.108	0.218089
1.109	0.217653
1.11	0.217218
1.111	0.216784
1.112	0.216351
1.113	0.215919
1.114	0.215487
1.115	0.215057
1.116	0.214627
1.117	0.214198
1.118	0.21377
1.119	0.213343
1.12	0.212917
1.121	0.212492
1.122	0.212067
1.123	0.211643
1.124	0.21122
1.125	0.210798
1.126	0.210377
1.127	0.209957
1.128	0.209537
1.129	0.209119
1.13	0.208701
1.131	0.208284
1.132	0.207868
1.133	0.207453
1.134	0.207038
1.135	0.206624
1.136	0.206212
1.137	0.2058
1.138	0.205388
1.139	0.204978
1.14	0.204568
1.141	0.20416
1.142	0.203752
1.143	0.203345
1.144	0.202938
1.145	0.202533
1.146	0.202128
1.147	0.201724
1.148	0.201321
1.149	0.200919
1.15	0.200518
1.151	0.200117
1.152	0.199717
1.153	0.199318
1.154	0.19892
1.155	0.198523
1.156	0.198126
1.157	0.19773
1.158	0.197335
1.159	0.196941
1.16	0.196547
1.161	0.196154
1.162	0.195763
1.163	0.195371
1.164	0.194981
1.165	0.194591
1.166	0.194203
1.167	0.193815
1.168	0.193427
1.169	0.193041
1.17	0.192655
1.171	0.19227
1.172	0.191886
1.173	0.191503
1.174	0.19112
1.175	0.190738
1.176	0.190357
1.177	0.189977
1.178	0.189597
1.179	0.189219
1.18	0.18884
1.181	0.188463
1.182	0.188087
1.183	0.187711
1.184	0.187336
1.185	0.186961
1.186	0.186588
1.187	0.186215
1.188	0.185843
1.189	0.185472
1.19	0.185101
1.191	0.184731
1.192	0.184362
1.193	0.183994
1.194	0.183626
1.195	0.183259
1.196	0.182893
1.197	0.182528
1.198	0.182163
1.199	0.181799
1.2	0.181436
1.201	0.181073
1.202	0.180712
1.203	0.180351
1.204	0.17999
1.205	0.179631
1.206	0.179272
1.207	0.178914
1.208	0.178556
1.209	0.178199
1.21	0.177843
1.211	0.177488
1.212	0.177133
1.213	0.176779
1.214	0.176426
1.215	0.176074
1.216	0.175722
1.217	0.175371
1.218	0.17502
1.219	0.174671
1.22	0.174322
1.221	0.173973
1.222	0.173626
1.223	0.173279
1.224	0.172933
1.225	0.172587
1.226	0.172242
1.227	0.171898
1.228	0.171555
1.229	0.171212
1.23	0.17087
1.231	0.170529
1.232	0.170188
1.233	0.169848
1.234	0.169508
1.235	0.16917
1.236	0.168832
1.237	0.168494
1.238	0.168158
1.239	0.167822
1.24	0.167486
1.241	0.167152
1.242	0.166818
1.243	0.166485
1.244	0.166152
1.245	0.16582
1.246	0.165489
1.247	0.165158
1.248	0.164828
1.249	0.164499
1.25	0.16417
1.251	0.163842
1.252	0.163515
1.253	0.163188
1.254	0.162862
1.255	0.162536
1.256	0.162212
1.257	0.161888
1.258	0.161564
1.259	0.161241
1.26	0.160919
1.261	0.160598
1.262	0.160277
1.263	0.159957
1.264	0.159637
1.265	0.159318
1.266	0.159
1.267	0.158682
1.268	0.158365
1.269	0.158049
1.27	0.157733
1.271	0.157418
1.272	0.157103
1.273	0.156789
1.274	0.156476
1.275	0.156163
1.276	0.155851
1.277	0.15554
1.278	0.155229
1.279	0.154919
1.28	0.154609
1.281	0.154301
1.282	0.153992
1.283	0.153685
1.284	0.153378
1.285	0.153071
1.286	0.152765
1.287	0.15246
1.288	0.152155
1.289	0.151851
1.29	0.151548
1.291	0.151245
1.292	0.150943
1.293	0.150641
1.294	0.15034
1.295	0.15004
1.296	0.14974
1.297	0.149441
1.298	0.149143
1.299	0.148845
1.3	0.148547
1.301	0.14825
1.302	0.147954
1.303	0.147659
1.304	0.147364
1.305	0.147069
1.306	0.146775
1.307	0.146482
1.308	0.146189
1.309	0.145897
1.31	0.145606
1.311	0.145315
1.312	0.145024
1.313	0.144735
1.314	0.144446
1.315	0.144157
1.316	0.143869
1.317	0.143581
1.318	0.143295
1.319	0.143008
1.32	0.142723
1.321	0.142437
1.322	0.142153
1.323	0.141869
1.324	0.141585
1.325	0.141302
1.326	0.14102
1.327	0.140738
1.328	0.140457
1.329	0.140177
1.33	0.139896
1.331	0.139617
1.332	0.139338
1.333	0.13906
1.334	0.138782
1.335	0.138504
1.336	0.138228
1.337	0.137952
1.338	0.137676
1.339	0.137401
1.34	0.137126
1.341	0.136852
1.342	0.136579
1.343	0.136306
1.344	0.136034
1.345	0.135762
1.346	0.135491
1.347	0.13522
1.348	0.13495
1.349	0.13468
1.35	0.134411
1.351	0.134142
1.352	0.133874
1.353	0.133607
1.354	0.13334
1.355	0.133074
1.356	0.132808
1.357	0.132542
1.358	0.132278
1.359	0.132013
1.36	0.13175
1.361	0.131486
1.362	0.131224
1.363	0.130961
1.364	0.1307
1.365	0.130439
1.366	0.130178
1.367	0.129918
1.368	0.129658
1.369	0.129399
1.37	0.129141
1.371	0.128883
1.372	0.128625
1.373	0.128368
1.374	0.128112
1.375	0.127856
1.376	0.1276
1.377	0.127345
1.378	0.127091
1.379	0.126837
1.38	0.126584
1.381	0.126331
1.382	0.126078
1.383	0.125826
1.384	0.125575
1.385	0.125324
1.386	0.125074
1.387	0.124824
1.388	0.124574
1.389	0.124325
1.39	0.124077
1.391	0.123829
1.392	0.123582
1.393	0.123335
1.394	0.123088
1.395	0.122842
1.396	0.122597
1.397	0.122352
1.398	0.122108
1.399	0.121864
1.4	0.12162
1.401	0.121377
1.402	0.121135
1.403	0.120893
1.404	0.120651
1.405	0.12041
1.406	0.120169
1.407	0.119929
1.408	0.11969
1.409	0.119451
1.41	0.119212
1.411	0.118974
1.412	0.118736
1.413	0.118499
1.414	0.118262
1.415	0.118026
1.416	0.11779
1.417	0.117555
1.418	0.11732
1.419	0.117085
1.42	0.116851
1.421	0.116618
1.422	0.116385
1.423	0.116152
1.424	0.11592
1.425	0.115689
1.426	0.115457
1.427	0.115227
1.428	0.114997
1.429	0.114767
1.43	0.114538
1.431	0.114309
1.432	0.11408
1.433	0.113852
1.434	0.113625
1.435	0.113398
1.436	0.113171
1.437	0.112945
1.438	0.11272
1.439	0.112494
1.44	0.11227
1.441	0.112045
1.442	0.111821
1.443	0.111598
1.444	0.111375
1.445	0.111152
1.446	0.11093
1.447	0.110709
1.448	0.110488
1.449	0.110267
1.45	0.110046
1.451	0.109827
1.452	0.109607
1.453	0.109388
1.454	0.10917
1.455	0.108951
1.456	0.108734
1.457	0.108517
1.458	0.1083
1.459	0.108083
1.46	0.107867
1.461	0.107652
1.462	0.107437
1.463	0.107222
1.464	0.107008
1.465	0.106794
1.466	0.106581
1.467	0.106368
1.468	0.106155
1.469	0.105943
1.47	0.105731
1.471	0.10552
1.472	0.105309
1.473	0.105099
1.474	0.104889
1.475	0.104679
1.476	0.10447
1.477	0.104262
1.478	0.104053
1.479	0.103845
1.48	0.103638
1.481	0.103431
1.482	0.103224
1.483	0.103018
1.484	0.102812
1.485	0.102607
1.486	0.102402
1.487	0.102197
1.488	0.101993
1.489	0.101789
1.49	0.101586
1.491	0.101383
1.492	0.10118
1.493	0.100978
1.494	0.100776
1.495	0.100575
1.496	0.100374
1.497	0.100173
1.498	0.0999732
1.499	0.0997735
1.5	0.0995741
1.501	0.0993752
1.502	0.0991766
1.503	0.0989785
1.504	0.0987807
1.505	0.0985834
1.506	0.0983864
1.507	0.0981898
1.508	0.0979936
1.509	0.0977978
1.51	0.0976024
1.511	0.0974074
1.512	0.0972128
1.513	0.0970186
1.514	0.0968247
1.515	0.0966313
1.516	0.0964382
1.517	0.0962455
1.518	0.0960532
1.519	0.0958613
1.52	0.0956698
1.521	0.0954786
1.522	0.0952879
1.523	0.0950975
1.524	0.0949075
1.525	0.0947178
1.526	0.0945286
1.527	0.0943397
1.528	0.0941512
1.529	0.0939631
1.53	0.0937754
1.531	0.093588
1.532	0.093401
1.533	0.0932144
1.534	0.0930282
1.535	0.0928423
1.536	0.0926568
1.537	0.0924717
1.538	0.0922869
1.539	0.0921025
1.54	0.0919185
1.541	0.0917349
1.542	0.0915516
1.543	0.0913687
1.544	0.0911861
1.545	0.0910039
1.546	0.0908221
1.547	0.0906406
1.548	0.0904595
1.549	0.0902788
1.55	0.0900984
1.551	0.0899184
1.552	0.0897387
1.553	0.0895594
1.554	0.0893805
1.555	0.0892019
1.556	0.0890237
1.557	0.0888458
1.558	0.0886683
1.559	0.0884911
1.56	0.0883143
1.561	0.0881379
1.562	0.0879618
1.563	0.087786
1.564	0.0876106
1.565	0.0874356
1.566	0.0872609
1.567	0.0870866
1.568	0.0869126
1.569	0.0867389
1.57	0.0865656
1.571	0.0863926
1.572	0.08622
1.573	0.0860478
1.574	0.0858758
1.575	0.0857043
1.576	0.085533
1.577	0.0853621
1.578	0.0851916
1.579	0.0850214
1.58	0.0848515
1.581	0.0846819
1.582	0.0845128
1.583	0.0843439
1.584	0.0841754
1.585	0.0840072
1.586	0.0838393
1.587	0.0836718
1.588	0.0835047
1.589	0.0833378
1.59	0.0831713
1.591	0.0830051
1.592	0.0828393
1.593	0.0826738
1.594	0.0825086
1.595	0.0823437
1.596	0.0821792
1.597	0.082015
1.598	0.0818512
1.599	0.0816876
1.6	0.0815244
1.601	0.0813615
1.602	0.081199
1.603	0.0810367
1.604	0.0808748
1.605	0.0807132
1.606	0.080552
1.607	0.080391
1.608	0.0802304
1.609	0.0800701
1.61	0.0799101
1.611	0.0797505
1.612	0.0795911
1.613	0.0794321
1.614	0.0792734
1.615	0.079115
1.616	0.0789569
1.617	0.0787992
1.618	0.0786417
1.619	0.0784846
1.62	0.0783278
1.621	0.0781713
1.622	0.0780151
1.623	0.0778592
1.624	0.0777037
1.625	0.0775484
1.626	0.0773935
1.627	0.0772388
1.628	0.0770845
1.629	0.0769305
1.63	0.0767768
1.631	0.0766234
1.632	0.0764703
1.633	0.0763175
1.634	0.076165
1.635	0.0760129
1.636	0.075861
1.637	0.0757094
1.638	0.0755581
1.639	0.0754072
1.64	0.0752565
1.641	0.0751062
1.642	0.0749561
1.643	0.0748063
1.644	0.0746569
1.645	0.0745077
1.646	0.0743588
1.647	0.0742103
1.648	0.074062
1.649	0.073914
1.65	0.0737663
1.651	0.0736189
1.652	0.0734719
1.653	0.0733251
1.654	0.0731786
1.655	0.0730323
1.656	0.0728864
1.657	0.0727408
1.658	0.0725955
1.659	0.0724504
1.66	0.0723057
1.661	0.0721612
1.662	0.072017
1.663	0.0718731
1.664	0.0717295
1.665	0.0715862
1.666	0.0714432
1.667	0.0713004
1.668	0.071158
1.669	0.0710158
1.67	0.0708739
1.671	0.0707323
1.672	0.070591
1.673	0.0704499
1.674	0.0703092
1.675	0.0701687
1.676	0.0700285
1.677	0.0698886
1.678	0.069749
1.679	0.0696096
1.68	0.0694705
1.681	0.0693317
1.682	0.0691932
1.683	0.0690549
1.684	0.068917
1.685	0.0687793
1.686	0.0686419
1.687	0.0685047
1.688	0.0683678
1.689	0.0682312
1.69	0.0680949
1.691	0.0679589
1.692	0.0678231
1.693	0.0676876
1.694	0.0675523
1.695	0.0674174
1.696	0.0672827
1.697	0.0671482
1.698	0.0670141
1.699	0.0668802
1.7	0.0667465
1.701	0.0666132
1.702	0.0664801
1.703	0.0663473
1.704	0.0662147
1.705	0.0660824
1.706	0.0659504
1.707	0.0658186
1.708	0.0656871
1.709	0.0655559
1.71	0.0654249
1.711	0.0652942
1.712	0.0651637
1.713	0.0650335
1.714	0.0649036
1.715	0.0647739
1.716	0.0646445
1.717	0.0645153
1.718	0.0643864
1.719	0.0642578
1.72	0.0641294
1.721	0.0640012
1.722	0.0638734
1.723	0.0637457
1.724	0.0636184
1.725	0.0634913
1.726	0.0633644
1.727	0.0632378
1.728	0.0631115
1.729	0.0629854
1.73	0.0628595
1.731	0.0627339
1.732	0.0626086
1.733	0.0624835
1.734	0.0623587
1.735	0.0622341
1.736	0.0621097
1.737	0.0619856
1.738	0.0618618
1.739	0.0617382
1.74	0.0616148
1.741	0.0614917
1.742	0.0613689
1.743	0.0612462
1.744	0.0611239
1.745	0.0610017
1.746	0.0608799
1.747	0.0607582
1.748	0.0606368
1.749	0.0605157
1.75	0.0603948
1.751	0.0602741
1.752	0.0601537
1.753	0.0600335
1.754	0.0599135
1.755	0.0597938
1.756	0.0596744
1.757	0.0595551
1.758	0.0594361
1.759	0.0593174
1.76	0.0591989
1.761	0.0590806
1.762	0.0589625
1.763	0.0588447
1.764	0.0587272
1.765	0.0586098
1.766	0.0584927
1.767	0.0583759
1.768	0.0582592
1.769	0.0581428
1.77	0.0580267
1.771	0.0579107
1.772	0.057795
1.773	0.0576795
1.774	0.0575643
1.775	0.0574493
1.776	0.0573345
1.777	0.0572199
1.778	0.0571056
1.779	0.0569915
1.78	0.0568776
1.781	0.056764
1.782	0.0566506
1.783	0.0565374
1.784	0.0564244
1.785	0.0563117
1.786	0.0561992
1.787	0.0560869
1.788	0.0559748
1.789	0.055863
1.79	0.0557514
1.791	0.05564
1.792	0.0555288
1.793	0.0554179
1.794	0.0553072
1.795	0.0551967
1.796	0.0550864
1.797	0.0549763
1.798	0.0548665
1.799	0.0547568
1.8	0.0546474
1.801	0.0545383
1.802	0.0544293
1.803	0.0543205
1.804	0.054212
1.805	0.0541037
1.806	0.0539956
1.807	0.0538877
1.808	0.05378
1.809	0.0536726
1.81	0.0535654
1.811	0.0534583
1.812	0.0533515
1.813	0.0532449
1.814	0.0531385
1.815	0.0530324
1.816	0.0529264
1.817	0.0528207
1.818	0.0527151
1.819	0.0526098
1.82	0.0525047
1.821	0.0523998
1.822	0.0522951
1.823	0.0521906
1.824	0.0520863
1.825	0.0519823
1.826	0.0518784
1.827	0.0517747
1.828	0.0516713
1.829	0.0515681
1.83	0.051465
1.831	0.0513622
1.832	0.0512596
1.833	0.0511572
1.834	0.0510549
1.835	0.0509529
1.836	0.0508511
1.837	0.0507495
1.838	0.0506481
1.839	0.0505469
1.84	0.0504459
1.841	0.0503452
1.842	0.0502446
1.843	0.0501442
1.844	0.050044
1.845	0.049944
1.846	0.0498442
1.847	0.0497446
1.848	0.0496452
1.849	0.049546
1.85	0.0494471
1.851	0.0493483
1.852	0.0492497
1.853	0.0491513
1.854	0.0490531
1.855	0.048955
1.856	0.0488572
1.857	0.0487596
1.858	0.0486622
1.859	0.048565
1.86	0.0484679
1.861	0.0483711
1.862	0.0482745
1.863	0.048178
1.864	0.0480817
1.865	0.0479857
1.866	0.0478898
1.867	0.0477941
1.868	0.0476986
1.869	0.0476033
1.87	0.0475082
1.871	0.0474133
1.872	0.0473186
1.873	0.047224
1.874	0.0471297
1.875	0.0470355
1.876	0.0469415
1.877	0.0468477
1.878	0.0467541
1.879	0.0466607
1.88	0.0465675
1.881	0.0464744
1.882	0.0463816
1.883	0.0462889
1.884	0.0461964
1.885	0.0461041
1.886	0.046012
1.887	0.0459201
1.888	0.0458283
1.889	0.0457368
1.89	0.0456454
1.891	0.0455542
1.892	0.0454632
1.893	0.0453723
1.894	0.0452817
1.895	0.0451912
1.896	0.0451009
1.897	0.0450108
1.898	0.0449209
1.899	0.0448311
1.9	0.0447415
1.901	0.0446522
1.902	0.0445629
1.903	0.0444739
1.904	0.044385
1.905	0.0442964
1.906	0.0442079
1.907	0.0441195
1.908	0.0440314
1.909	0.0439434
1.91	0.0438556
1.911	0.043768
1.912	0.0436805
1.913	0.0435933
1.914	0.0435062
1.915	0.0434192
1.916	0.0433325
1.917	0.0432459
1.918	0.0431595
1.919	0.0430733
1.92	0.0429872
1.921	0.0429013
1.922	0.0428156
1.923	0.0427301
1.924	0.0426447
1.925	0.0425595
1.926	0.0424744
1.927	0.0423896
1.928	0.0423049
1.929	0.0422204
1.93	0.042136
1.931	0.0420518
1.932	0.0419678
1.933	0.0418839
1.934	0.0418003
1.935	0.0417167
1.936	0.0416334
1.937	0.0415502
1.938	0.0414672
1.939	0.0413843
1.94	0.0413017
1.941	0.0412191
1.942	0.0411368
1.943	0.0410546
1.944	0.0409726
1.945	0.0408907
1.946	0.040809
1.947	0.0407275
1.948	0.0406461
1.949	0.0405649
1.95	0.0404838
1.951	0.0404029
1.952	0.0403222
1.953	0.0402416
1.954	0.0401612
1.955	0.040081
1.956	0.0400009
1.957	0.039921
1.958	0.0398412
1.959	0.0397616
1.96	0.0396822
1.961	0.0396029
1.962	0.0395238
1.963	0.0394448
1.964	0.039366
1.965	0.0392873
1.966	0.0392088
1.967	0.0391305
1.968	0.0390523
1.969	0.0389743
1.97	0.0388964
1.971	0.0388187
1.972	0.0387412
1.973	0.0386637
1.974	0.0385865
1.975	0.0385094
1.976	0.0384325
1.977	0.0383557
1.978	0.038279
1.979	0.0382026
1.98	0.0381262
1.981	0.0380501
1.982	0.037974
1.983	0.0378982
1.984	0.0378224
1.985	0.0377469
1.986	0.0376714
1.987	0.0375962
1.988	0.0375211
1.989	0.0374461
1.99	0.0373713
1.991	0.0372966
1.992	0.0372221
1.993	0.0371477
1.994	0.0370735
1.995	0.0369994
1.996	0.0369255
1.997	0.0368517
1.998	0.0367781
1.999	0.0367046
2	0.0366313
2.001	0.0365581
2.002	0.036485
2.003	0.0364121
2.004	0.0363394
2.005	0.0362668
2.006	0.0361943
2.007	0.036122
2.008	0.0360498
2.009	0.0359778
2.01	0.0359059
2.011	0.0358342
2.012	0.0357626
2.013	0.0356911
2.014	0.0356198
2.015	0.0355487
2.016	0.0354776
2.017	0.0354067
2.018	0.035336
2.019	0.0352654
2.02	0.0351949
2.021	0.0351246
2.022	0.0350544
2.023	0.0349844
2.024	0.0349145
2.025	0.0348447
2.026	0.0347751
2.027	0.0347056
2.028	0.0346363
2.029	0.0345671
2.03	0.034498
2.031	0.0344291
2.032	0.0343603
2.033	0.0342917
2.034	0.0342232
2.035	0.0341548
2.036	0.0340865
2.037	0.0340184
2.038	0.0339505
2.039	0.0338826
2.04	0.0338149
2.041	0.0337474
2.042	0.0336799
2.043	0.0336126
2.044	0.0335455
2.045	0.0334785
2.046	0.0334116
2.047	0.0333448
2.048	0.0332782
2.049	0.0332117
2.05	0.0331454
2.051	0.0330791
2.052	0.033013
2.053	0.0329471
2.054	0.0328812
2.055	0.0328155
2.056	0.03275
2.057	0.0326845
2.058	0.0326192
2.059	0.0325541
2.06	0.032489
2.061	0.0324241
2.062	0.0323593
2.063	0.0322947
2.064	0.0322302
2.065	0.0321658
2.066	0.0321015
2.067	0.0320374
2.068	0.0319733
2.069	0.0319095
2.07	0.0318457
2.071	0.0317821
2.072	0.0317186
2.073	0.0316552
2.074	0.031592
2.075	0.0315288
2.076	0.0314658
2.077	0.031403
2.078	0.0313402
2.079	0.0312776
2.08	0.0312151
2.081	0.0311527
2.082	0.0310905
2.083	0.0310284
2.084	0.0309664
2.085	0.0309045
2.086	0.0308428
2.087	0.0307811
2.088	0.0307196
2.089	0.0306583
2.09	0.030597
2.091	0.0305359
2.092	0.0304749
2.093	0.030414
2.094	0.0303532
2.095	0.0302926
2.096	0.030232
2.097	0.0301716
2.098	0.0301114
2.099	0.0300512
2.1	0.0299912
2.101	0.0299312
2.102	0.0298714
2.103	0.0298117
2.104	0.0297522
2.105	0.0296927
2.106	0.0296334
2.107	0.0295742
2.108	0.0295151
2.109	0.0294561
2.11	0.0293973
2.111	0.0293386
2.112	0.0292799
2.113	0.0292214
2.114	0.029163
2.115	0.0291048
2.116	0.0290466
2.117	0.0289886
2.118	0.0289307
2.119	0.0288729
2.12	0.0288152
2.121	0.0287576
2.122	0.0287002
2.123	0.0286428
2.124	0.0285856
2.125	0.0285285
2.126	0.0284715
2.127	0.0284146
2.128	0.0283578
2.129	0.0283012
2.13	0.0282446
2.131	0.0281882
2.132	0.0281319
2.133	0.0280756
2.134	0.0280195
2.135	0.0279636
2.136	0.0279077
2.137	0.0278519
2.138	0.0277963
2.139	0.0277408
2.14	0.0276853
2.141	0.02763
2.142	0.0275748
2.143	0.0275197
2.144	0.0274647
2.145	0.0274099
2.146	0.0273551
2.147	0.0273004
2.148	0.0272459
2.149	0.0271914
2.15	0.0271371
2.151	0.0270829
2.152	0.0270288
2.153	0.0269748
2.154	0.0269209
2.155	0.0268671
2.156	0.0268134
2.157	0.0267598
2.158	0.0267064
2.159	0.026653
2.16	0.0265998
2.161	0.0265466
2.162	0.0264936
2.163	0.0264406
2.164	0.0263878
2.165	0.0263351
2.166	0.0262825
2.167	0.02623
2.168	0.0261776
2.169	0.0261253
2.17	0.0260731
2.171	0.026021
2.172	0.025969
2.173	0.0259171
2.174	0.0258653
2.175	0.0258136
2.176	0.025762
2.177	0.0257106
2.178	0.0256592
2.179	0.0256079
2.18	0.0255568
2.181	0.0255057
2.182	0.0254548
2.183	0.0254039
2.184	0.0253531
2.185	0.0253025
2.186	0.0252519
2.187	0.0252015
2.188	0.0251511
2.189	0.0251009
2.19	0.0250507
2.191	0.0250007
2.192	0.0249507
2.193	0.0249009
2.194	0.0248511
2.195	0.0248015
2.196	0.0247519
2.197	0.0247025
2.198	0.0246531
2.199	0.0246038
2.2	0.0245547
2.201	0.0245056
2.202	0.0244567
2.203	0.0244078
2.204	0.024359
2.205	0.0243104
2.206	0.0242618
2.207	0.0242133
2.208	0.0241649
2.209	0.0241166
2.21	0.0240685
2.211	0.0240204
2.212	0.0239724
2.213	0.0239245
2.214	0.0238767
2.215	0.023829
2.216	0.0237814
2.217	0.0237339
2.218	0.0236864
2.219	0.0236391
2.22	0.0235919
2.221	0.0235447
2.222	0.0234977
2.223	0.0234507
2.224	0.0234039
2.225	0.0233571
2.226	0.0233105
2.227	0.0232639
2.228	0.0232174
2.229	0.023171
2.23	0.0231247
2.231	0.0230785
2.232	0.0230324
2.233	0.0229864
2.234	0.0229405
2.235	0.0228946
2.236	0.0228489
2.237	0.0228032
2.238	0.0227577
2.239	0.0227122
2.24	0.0226668
2.241	0.0226215
2.242	0.0225763
2.243	0.0225312
2.244	0.0224862
2.245	0.0224413
2.246	0.0223964
2.247	0.0223517
2.248	0.022307
2.249	0.0222625
2.25	0.022218
2.251	0.0221736
2.252	0.0221293
2.253	0.0220851
2.254	0.022041
2.255	0.0219969
2.256	0.021953
2.257	0.0219091
2.258	0.0218653
2.259	0.0218216
2.26	0.021778
2.261	0.0217345
2.262	0.0216911
2.263	0.0216478
2.264	0.0216045
2.265	0.0215614
2.266	0.0215183
2.267	0.0214753
2.268	0.0214324
2.269	0.0213895
2.27	0.0213468
2.271	0.0213042
2.272	0.0212616
2.273	0.0212191
2.274	0.0211767
2.275	0.0211344
2.276	0.0210922
2.277	0.02105
2.278	0.021008
2.279	0.020966
2.28	0.0209241
2.281	0.0208823
2.282	0.0208406
2.283	0.0207989
2.284	0.0207574
2.285	0.0207159
2.286	0.0206745
2.287	0.0206332
2.288	0.020592
2.289	0.0205509
2.29	0.0205098
2.291	0.0204688
2.292	0.0204279
2.293	0.0203871
2.294	0.0203464
2.295	0.0203057
2.296	0.0202651
2.297	0.0202247
2.298	0.0201842
2.299	0.0201439
2.3	0.0201037
2.301	0.0200635
2.302	0.0200234
2.303	0.0199834
2.304	0.0199435
2.305	0.0199036
2.306	0.0198639
2.307	0.0198242
2.308	0.0197846
2.309	0.019745
2.31	0.0197056
2.311	0.0196662
2.312	0.0196269
2.313	0.0195877
2.314	0.0195486
2.315	0.0195095
2.316	0.0194705
2.317	0.0194316
2.318	0.0193928
2.319	0.0193541
2.32	0.0193154
2.321	0.0192768
2.322	0.0192383
2.323	0.0191998
2.324	0.0191615
2.325	0.0191232
2.326	0.019085
2.327	0.0190469
2.328	0.0190088
2.329	0.0189708
2.33	0.0189329
2.331	0.0188951
2.332	0.0188573
2.333	0.0188197
2.334	0.0187821
2.335	0.0187445
2.336	0.0187071
2.337	0.0186697
2.338	0.0186324
2.339	0.0185952
2.34	0.018558
2.341	0.0185209
2.342	0.0184839
2.343	0.018447
2.344	0.0184102
2.345	0.0183734
2.346	0.0183367
2.347	0.0183
2.348	0.0182635
2.349	0.018227
2.35	0.0181906
2.351	0.0181542
2.352	0.0181179
2.353	0.0180817
2.354	0.0180456
2.355	0.0180096
2.356	0.0179736
2.357	0.0179377
2.358	0.0179018
2.359	0.0178661
2.36	0.0178304
2.361	0.0177947
2.362	0.0177592
2.363	0.0177237
2.364	0.0176883
2.365	0.0176529
2.366	0.0176177
2.367	0.0175825
2.368	0.0175473
2.369	0.0175123
2.37	0.0174773
2.371	0.0174424
2.372	0.0174075
2.373	0.0173727
2.374	0.017338
2.375	0.0173034
2.376	0.0172688
2.377	0.0172343
2.378	0.0171999
2.379	0.0171655
2.38	0.0171312
2.381	0.017097
2.382	0.0170628
2.383	0.0170287
2.384	0.0169947
2.385	0.0169608
2.386	0.0169269
2.387	0.0168931
2.388	0.0168593
2.389	0.0168256
2.39	0.016792
2.391	0.0167584
2.392	0.016725
2.393	0.0166915
2.394	0.0166582
2.395	0.0166249
2.396	0.0165917
2.397	0.0165585
2.398	0.0165255
2.399	0.0164924
2.4	0.0164595
2.401	0.0164266
2.402	0.0163938
2.403	0.016361
2.404	0.0163283
2.405	0.0162957
2.406	0.0162632
2.407	0.0162307
2.408	0.0161982
2.409	0.0161659
2.41	0.0161336
2.411	0.0161013
2.412	0.0160692
2.413	0.0160371
2.414	0.016005
2.415	0.015973
2.416	0.0159411
2.417	0.0159093
2.418	0.0158775
2.419	0.0158458
2.42	0.0158141
2.421	0.0157825
2.422	0.015751
2.423	0.0157195
2.424	0.0156881
2.425	0.0156568
2.426	0.0156255
2.427	0.0155943
2.428	0.0155631
2.429	0.015532
2.43	0.015501
2.431	0.01547
2.432	0.0154391
2.433	0.0154082
2.434	0.0153775
2.435	0.0153467
2.436	0.0153161
2.437	0.0152855
2.438	0.0152549
2.439	0.0152244
2.44	0.015194
2.441	0.0151637
2.442	0.0151334
2.443	0.0151031
2.444	0.015073
2.445	0.0150428
2.446	0.0150128
2.447	0.0149828
2.448	0.0149529
2.449	0.014923
2.45	0.0148932
2.451	0.0148634
2.452	0.0148337
2.453	0.0148041
2.454	0.0147745
2.455	0.014745
2.456	0.0147155
2.457	0.0146861
2.458	0.0146568
2.459	0.0146275
2.46	0.0145983
2.461	0.0145691
2.462	0.01454
2.463	0.0145109
2.464	0.0144819
2.465	0.014453
2.466	0.0144241
2.467	0.0143953
2.468	0.0143665
2.469	0.0143378
2.47	0.0143092
2.471	0.0142806
2.472	0.0142521
2.473	0.0142236
2.474	0.0141952
2.475	0.0141668
2.476	0.0141385
2.477	0.0141103
2.478	0.0140821
2.479	0.0140539
2.48	0.0140259
2.481	0.0139978
2.482	0.0139699
2.483	0.013942
2.484	0.0139141
2.485	0.0138863
2.486	0.0138586
2.487	0.0138309
2.488	0.0138032
2.489	0.0137756
2.49	0.0137481
2.491	0.0137207
2.492	0.0136932
2.493	0.0136659
2.494	0.0136386
2.495	0.0136113
2.496	0.0135841
2.497	0.013557
2.498	0.0135299
2.499	0.0135029
2.5	0.0134759
2.501	0.013449
2.502	0.0134221
2.503	0.0133953
2.504	0.0133685
2.505	0.0133418
2.506	0.0133151
2.507	0.0132885
2.508	0.013262
2.509	0.0132355
2.51	0.0132091
2.511	0.0131827
2.512	0.0131563
2.513	0.01313
2.514	0.0131038
2.515	0.0130776
2.516	0.0130515
2.517	0.0130254
2.518	0.0129994
2.519	0.0129734
2.52	0.0129475
2.521	0.0129216
2.522	0.0128958
2.523	0.01287
2.524	0.0128443
2.525	0.0128187
2.526	0.0127931
2.527	0.0127675
2.528	0.012742
2.529	0.0127165
2.53	0.0126911
2.531	0.0126658
2.532	0.0126405
2.533	0.0126152
2.534	0.01259
2.535	0.0125648
2.536	0.0125397
2.537	0.0125147
2.538	0.0124897
2.539	0.0124647
2.54	0.0124398
2.541	0.012415
2.542	0.0123902
2.543	0.0123654
2.544	0.0123407
2.545	0.012316
2.546	0.0122914
2.547	0.0122669
2.548	0.0122424
2.549	0.0122179
2.55	0.0121935
2.551	0.0121691
2.552	0.0121448
2.553	0.0121206
2.554	0.0120963
2.555	0.0120722
2.556	0.012048
2.557	0.012024
2.558	0.0119999
2.559	0.011976
2.56	0.011952
2.561	0.0119282
2.562	0.0119043
2.563	0.0118805
2.564	0.0118568
2.565	0.0118331
2.566	0.0118095
2.567	0.0117859
2.568	0.0117623
2.569	0.0117388
2.57	0.0117154
2.571	0.011692
2.572	0.0116686
2.573	0.0116453
2.574	0.011622
2.575	0.0115988
2.576	0.0115756
2.577	0.0115525
2.578	0.0115294
2.579	0.0115064
2.58	0.0114834
2.581	0.0114605
2.582	0.0114376
2.583	0.0114147
2.584	0.0113919
2.585	0.0113691
2.586	0.0113464
2.587	0.0113238
2.588	0.0113011
2.589	0.0112785
2.59	0.011256
2.591	0.0112335
2.592	0.0112111
2.593	0.0111887
2.594	0.0111663
2.595	0.011144
2.596	0.0111217
2.597	0.0110995
2.598	0.0110773
2.599	0.0110552
2.6	0.0110331
2.601	0.0110111
2.602	0.0109891
2.603	0.0109671
2.604	0.0109452
2.605	0.0109233
2.606	0.0109015
2.607	0.0108797
2.608	0.010858
2.609	0.0108363
2.61	0.0108147
2.611	0.0107931
2.612	0.0107715
2.613	0.01075
2.614	0.0107285
2.615	0.0107071
2.616	0.0106857
2.617	0.0106643
2.618	0.010643
2.619	0.0106217
2.62	0.0106005
2.621	0.0105793
2.622	0.0105582
2.623	0.0105371
2.624	0.010516
2.625	0.010495
2.626	0.0104741
2.627	0.0104531
2.628	0.0104323
2.629	0.0104114
2.63	0.0103906
2.631	0.0103698
2.632	0.0103491
2.633	0.0103285
2.634	0.0103078
2.635	0.0102872
2.636	0.0102667
2.637	0.0102462
2.638	0.0102257
2.639	0.0102053
2.64	0.0101849
2.641	0.0101645
2.642	0.0101442
2.643	0.0101239
2.644	0.0101037
2.645	0.0100835
2.646	0.0100634
2.647	0.0100433
2.648	0.0100232
2.649	0.0100032
2.65	0.00998319
2.651	0.00996324
2.652	0.00994333
2.653	0.00992347
2.654	0.00990364
2.655	0.00988385
2.656	0.00986411
2.657	0.0098444
2.658	0.00982473
2.659	0.0098051
2.66	0.00978551
2.661	0.00976596
2.662	0.00974644
2.663	0.00972697
2.664	0.00970754
2.665	0.00968814
2.666	0.00966878
2.667	0.00964946
2.668	0.00963019
2.669	0.00961094
2.67	0.00959174
2.671	0.00957258
2.672	0.00955345
2.673	0.00953436
2.674	0.00951531
2.675	0.0094963
2.676	0.00947733
2.677	0.00945839
2.678	0.00943949
2.679	0.00942063
2.68	0.00940181
2.681	0.00938303
2.682	0.00936428
2.683	0.00934557
2.684	0.0093269
2.685	0.00930826
2.686	0.00928966
2.687	0.0092711
2.688	0.00925258
2.689	0.00923409
2.69	0.00921564
2.691	0.00919723
2.692	0.00917885
2.693	0.00916052
2.694	0.00914221
2.695	0.00912395
2.696	0.00910572
2.697	0.00908752
2.698	0.00906937
2.699	0.00905125
2.7	0.00903316
2.701	0.00901511
2.702	0.0089971
2.703	0.00897913
2.704	0.00896118
2.705	0.00894328
2.706	0.00892541
2.707	0.00890758
2.708	0.00888978
2.709	0.00887202
2.71	0.00885429
2.711	0.0088366
2.712	0.00881895
2.713	0.00880133
2.714	0.00878374
2.715	0.00876619
2.716	0.00874868
2.717	0.0087312
2.718	0.00871375
2.719	0.00869634
2.72	0.00867897
2.721	0.00866163
2.722	0.00864432
2.723	0.00862705
2.724	0.00860981
2.725	0.00859261
2.726	0.00857544
2.727	0.00855831
2.728	0.00854121
2.729	0.00852414
2.73	0.00850711
2.731	0.00849011
2.732	0.00847315
2.733	0.00845622
2.734	0.00843933
2.735	0.00842246
2.736	0.00840564
2.737	0.00838884
2.738	0.00837208
2.739	0.00835535
2.74	0.00833866
2.741	0.008322
2.742	0.00830537
2.743	0.00828878
2.744	0.00827222
2.745	0.00825569
2.746	0.00823919
2.747	0.00822273
2.748	0.0082063
2.749	0.00818991
2.75	0.00817354
2.751	0.00815721
2.752	0.00814091
2.753	0.00812465
2.754	0.00810842
2.755	0.00809221
2.756	0.00807605
2.757	0.00805991
2.758	0.00804381
2.759	0.00802774
2.76	0.0080117
2.761	0.00799569
2.762	0.00797971
2.763	0.00796377
2.764	0.00794786
2.765	0.00793198
2.766	0.00791613
2.767	0.00790031
2.768	0.00788453
2.769	0.00786878
2.77	0.00785305
2.771	0.00783736
2.772	0.0078217
2.773	0.00780608
2.774	0.00779048
2.775	0.00777491
2.776	0.00775938
2.777	0.00774388
2.778	0.0077284
2.779	0.00771296
2.78	0.00769755
2.781	0.00768217
2.782	0.00766682
2.783	0.00765151
2.784	0.00763622
2.785	0.00762096
2.786	0.00760573
2.787	0.00759054
2.788	0.00757537
2.789	0.00756024
2.79	0.00754513
2.791	0.00753006
2.792	0.00751501
2.793	0.0075
2.794	0.00748501
2.795	0.00747006
2.796	0.00745513
2.797	0.00744024
2.798	0.00742537
2.799	0.00741053
2.8	0.00739573
2.801	0.00738095
2.802	0.0073662
2.803	0.00735149
2.804	0.0073368
2.805	0.00732214
2.806	0.00730751
2.807	0.00729291
2.808	0.00727834
2.809	0.0072638
2.81	0.00724928
2.811	0.0072348
2.812	0.00722034
2.813	0.00720592
2.814	0.00719152
2.815	0.00717715
2.816	0.00716281
2.817	0.0071485
2.818	0.00713422
2.819	0.00711996
2.82	0.00710574
2.821	0.00709154
2.822	0.00707737
2.823	0.00706323
2.824	0.00704912
2.825	0.00703503
2.826	0.00702098
2.827	0.00700695
2.828	0.00699295
2.829	0.00697898
2.83	0.00696503
2.831	0.00695112
2.832	0.00693723
2.833	0.00692337
2.834	0.00690954
2.835	0.00689573
2.836	0.00688195
2.837	0.0068682
2.838	0.00685448
2.839	0.00684078
2.84	0.00682712
2.841	0.00681348
2.842	0.00679986
2.843	0.00678628
2.844	0.00677272
2.845	0.00675919
2.846	0.00674568
2.847	0.0067322
2.848	0.00671875
2.849	0.00670533
2.85	0.00669193
2.851	0.00667856
2.852	0.00666522
2.853	0.0066519
2.854	0.00663861
2.855	0.00662535
2.856	0.00661211
2.857	0.0065989
2.858	0.00658571
2.859	0.00657255
2.86	0.00655942
2.861	0.00654632
2.862	0.00653324
2.863	0.00652018
2.864	0.00650716
2.865	0.00649415
2.866	0.00648118
2.867	0.00646823
2.868	0.00645531
2.869	0.00644241
2.87	0.00642954
2.871	0.00641669
2.872	0.00640387
2.873	0.00639107
2.874	0.00637831
2.875	0.00636556
2.876	0.00635284
2.877	0.00634015
2.878	0.00632748
2.879	0.00631484
2.88	0.00630222
2.881	0.00628963
2.882	0.00627706
2.883	0.00626452
2.884	0.00625201
2.885	0.00623952
2.886	0.00622705
2.887	0.00621461
2.888	0.00620219
2.889	0.0061898
2.89	0.00617743
2.891	0.00616509
2.892	0.00615277
2.893	0.00614048
2.894	0.00612821
2.895	0.00611596
2.896	0.00610374
2.897	0.00609155
2.898	0.00607938
2.899	0.00606723
2.9	0.00605511
2.901	0.00604301
2.902	0.00603094
2.903	0.00601889
2.904	0.00600686
2.905	0.00599486
2.906	0.00598288
2.907	0.00597093
2.908	0.005959
2.909	0.00594709
2.91	0.00593521
2.911	0.00592335
2.912	0.00591152
2.913	0.00589971
2.914	0.00588792
2.915	0.00587615
2.916	0.00586441
2.917	0.0058527
2.918	0.005841
2.919	0.00582933
2.92	0.00581769
2.921	0.00580606
2.922	0.00579446
2.923	0.00578288
2.924	0.00577133
2.925	0.0057598
2.926	0.00574829
2.927	0.00573681
2.928	0.00572534
2.929	0.0057139
2.93	0.00570249
2.931	0.00569109
2.932	0.00567972
2.933	0.00566837
2.934	0.00565705
2.935	0.00564575
2.936	0.00563447
2.937	0.00562321
2.938	0.00561197
2.939	0.00560076
2.94	0.00558957
2.941	0.0055784
2.942	0.00556726
2.943	0.00555613
2.944	0.00554503
2.945	0.00553395
2.946	0.0055229
2.947	0.00551186
2.948	0.00550085
2.949	0.00548986
2.95	0.00547889
2.951	0.00546794
2.952	0.00545702
2.953	0.00544611
2.954	0.00543523
2.955	0.00542437
2.956	0.00541354
2.957	0.00540272
2.958	0.00539192
2.959	0.00538115
2.96	0.0053704
2.961	0.00535967
2.962	0.00534896
2.963	0.00533827
2.964	0.00532761
2.965	0.00531696
2.966	0.00530634
2.967	0.00529574
2.968	0.00528516
2.969	0.0052746
2.97	0.00526406
2.971	0.00525354
2.972	0.00524305
2.973	0.00523257
2.974	0.00522211
2.975	0.00521168
2.976	0.00520127
2.977	0.00519088
2.978	0.0051805
2.979	0.00517015
2.98	0.00515982
2.981	0.00514951
2.982	0.00513923
2.983	0.00512896
2.984	0.00511871
2.985	0.00510848
2.986	0.00509828
2.987	0.00508809
2.988	0.00507792
2.989	0.00506778
2.99	0.00505765
2.991	0.00504755
2.992	0.00503746
2.993	0.0050274
2.994	0.00501735
2.995	0.00500733
2.996	0.00499732
2.997	0.00498734
2.998	0.00497737
2.999	0.00496743
3	0.0049575
3.001	0.0049476
3.002	0.00493771
3.003	0.00492785
3.004	0.004918
3.005	0.00490818
3.006	0.00489837
3.007	0.00488858
3.008	0.00487882
3.009	0.00486907
3.01	0.00485934
3.011	0.00484963
3.012	0.00483994
3.013	0.00483027
3.014	0.00482062
3.015	0.00481099
3.016	0.00480138
3.017	0.00479178
3.018	0.00478221
3.019	0.00477265
3.02	0.00476312
3.021	0.0047536
3.022	0.0047441
3.023	0.00473462
3.024	0.00472516
3.025	0.00471572
3.026	0.0047063
3.027	0.0046969
3.028	0.00468751
3.029	0.00467815
3.03	0.0046688
3.031	0.00465947
3.032	0.00465016
3.033	0.00464087
3.034	0.0046316
3.035	0.00462235
3.036	0.00461311
3.037	0.00460389
3.038	0.0045947
3.039	0.00458552
3.04	0.00457635
3.041	0.00456721
3.042	0.00455808
3.043	0.00454898
3.044	0.00453989
3.045	0.00453082
3.046	0.00452177
3.047	0.00451273
3.048	0.00450371
3.049	0.00449472
3.05	0.00448574
3.051	0.00447677
3.052	0.00446783
3.053	0.0044589
3.054	0.00444999
3.055	0.0044411
3.056	0.00443223
3.057	0.00442337
3.058	0.00441453
3.059	0.00440571
3.06	0.00439691
3.061	0.00438813
3.062	0.00437936
3.063	0.00437061
3.064	0.00436188
3.065	0.00435316
3.066	0.00434446
3.067	0.00433578
3.068	0.00432712
3.069	0.00431848
3.07	0.00430985
3.071	0.00430124
3.072	0.00429264
3.073	0.00428407
3.074	0.00427551
3.075	0.00426696
3.076	0.00425844
3.077	0.00424993
3.078	0.00424144
3.079	0.00423296
3.08	0.00422451
3.081	0.00421607
3.082	0.00420764
3.083	0.00419924
3.084	0.00419085
3.085	0.00418247
3.086	0.00417412
3.087	0.00416578
3.088	0.00415745
3.089	0.00414915
3.09	0.00414086
3.091	0.00413258
3.092	0.00412433
3.093	0.00411608
3.094	0.00410786
3.095	0.00409965
3.096	0.00409146
3.097	0.00408329
3.098	0.00407513
3.099	0.00406699
3.1	0.00405886
3.101	0.00405075
3.102	0.00404266
3.103	0.00403458
3.104	0.00402652
3.105	0.00401847
3.106	0.00401045
3.107	0.00400243
3.108	0.00399444
3.109	0.00398646
3.11	0.00397849
3.111	0.00397054
3.112	0.00396261
3.113	0.00395469
3.114	0.00394679
3.115	0.0039389
3.116	0.00393103
3.117	0.00392318
3.118	0.00391534
3.119	0.00390752
3.12	0.00389971
3.121	0.00389192
3.122	0.00388414
3.123	0.00387638
3.124	0.00386864
3.125	0.00386091
3.126	0.00385319
3.127	0.0038455
3.128	0.00383781
3.129	0.00383014
3.13	0.00382249
3.131	0.00381485
3.132	0.00380723
3.133	0.00379963
3.134	0.00379203
3.135	0.00378446
3.136	0.0037769
3.137	0.00376935
3.138	0.00376182
3.139	0.0037543
3.14	0.0037468
3.141	0.00373932
3.142	0.00373184
3.143	0.00372439
3.144	0.00371695
3.145	0.00370952
3.146	0.00370211
3.147	0.00369471
3.148	0.00368733
3.149	0.00367996
3.15	0.00367261
3.151	0.00366527
3.152	0.00365795
3.153	0.00365064
3.154	0.00364335
3.155	0.00363607
3.156	0.0036288
3.157	0.00362155
3.158	0.00361432
3.159	0.00360709
3.16	0.00359989
3.161	0.00359269
3.162	0.00358552
3.163	0.00357835
3.164	0.0035712
3.165	0.00356407
3.166	0.00355695
3.167	0.00354984
3.168	0.00354275
3.169	0.00353567
3.17	0.0035286
3.171	0.00352155
3.172	0.00351452
3.173	0.0035075
3.174	0.00350049
3.175	0.00349349
3.176	0.00348651
3.177	0.00347955
3.178	0.0034726
3.179	0.00346566
3.18	0.00345873
3.181	0.00345182
3.182	0.00344493
3.183	0.00343804
3.184	0.00343117
3.185	0.00342432
3.186	0.00341748
3.187	0.00341065
3.188	0.00340383
3.189	0.00339703
3.19	0.00339025
3.191	0.00338347
3.192	0.00337671
3.193	0.00336997
3.194	0.00336323
3.195	0.00335651
3.196	0.00334981
3.197	0.00334311
3.198	0.00333643
3.199	0.00332977
3.2	0.00332311
3.201	0.00331647
3.202	0.00330985
3.203	0.00330324
3.204	0.00329664
3.205	0.00329005
3.206	0.00328348
3.207	0.00327692
3.208	0.00327037
3.209	0.00326383
3.21	0.00325731
3.211	0.0032508
3.212	0.00324431
3.213	0.00323783
3.214	0.00323136
3.215	0.0032249
3.216	0.00321846
3.217	0.00321203
3.218	0.00320561
3.219	0.00319921
3.22	0.00319281
3.221	0.00318643
3.222	0.00318007
3.223	0.00317371
3.224	0.00316737
3.225	0.00316104
3.226	0.00315473
3.227	0.00314843
3.228	0.00314213
3.229	0.00313586
3.23	0.00312959
3.231	0.00312334
3.232	0.0031171
3.233	0.00311087
3.234	0.00310465
3.235	0.00309845
3.236	0.00309226
3.237	0.00308608
3.238	0.00307992
3.239	0.00307376
3.24	0.00306762
3.241	0.00306149
3.242	0.00305538
3.243	0.00304927
3.244	0.00304318
3.245	0.0030371
3.246	0.00303103
3.247	0.00302497
3.248	0.00301893
3.249	0.0030129
3.25	0.00300688
3.251	0.00300087
3.252	0.00299487
3.253	0.00298889
3.254	0.00298292
3.255	0.00297696
3.256	0.00297101
3.257	0.00296508
3.258	0.00295915
3.259	0.00295324
3.26	0.00294734
3.261	0.00294145
3.262	0.00293557
3.263	0.00292971
3.264	0.00292385
3.265	0.00291801
3.266	0.00291218
3.267	0.00290636
3.268	0.00290056
3.269	0.00289476
3.27	0.00288898
3.271	0.0028832
3.272	0.00287744
3.273	0.0028717
3.274	0.00286596
3.275	0.00286023
3.276	0.00285452
3.277	0.00284881
3.278	0.00284312
3.279	0.00283744
3.28	0.00283177
3.281	0.00282611
3.282	0.00282047
3.283	0.00281483
3.284	0.00280921
3.285	0.00280359
3.286	0.00279799
3.287	0.0027924
3.288	0.00278682
3.289	0.00278126
3.29	0.0027757
3.291	0.00277015
3.292	0.00276462
3.293	0.00275909
3.294	0.00275358
3.295	0.00274808
3.296	0.00274259
3.297	0.00273711
3.298	0.00273164
3.299	0.00272618
3.3	0.00272074
3.301	0.0027153
3.302	0.00270987
3.303	0.00270446
3.304	0.00269906
3.305	0.00269366
3.306	0.00268828
3.307	0.00268291
3.308	0.00267755
3.309	0.0026722
3.31	0.00266686
3.311	0.00266153
3.312	0.00265622
3.313	0.00265091
3.314	0.00264561
3.315	0.00264033
3.316	0.00263505
3.317	0.00262979
3.318	0.00262453
3.319	0.00261929
3.32	0.00261405
3.321	0.00260883
3.322	0.00260362
3.323	0.00259842
3.324	0.00259323
3.325	0.00258804
3.326	0.00258287
3.327	0.00257771
3.328	0.00257256
3.329	0.00256742
3.33	0.00256229
3.331	0.00255717
3.332	0.00255206
3.333	0.00254697
3.334	0.00254188
3.335	0.0025368
3.336	0.00253173
3.337	0.00252667
3.338	0.00252162
3.339	0.00251658
3.34	0.00251156
3.341	0.00250654
3.342	0.00250153
3.343	0.00249653
3.344	0.00249154
3.345	0.00248657
3.346	0.0024816
3.347	0.00247664
3.348	0.00247169
3.349	0.00246675
3.35	0.00246182
3.351	0.00245691
3.352	0.002452
3.353	0.0024471
3.354	0.00244221
3.355	0.00243733
3.356	0.00243246
3.357	0.0024276
3.358	0.00242275
3.359	0.00241791
3.36	0.00241308
3.361	0.00240826
3.362	0.00240344
3.363	0.00239864
3.364	0.00239385
3.365	0.00238907
3.366	0.00238429
3.367	0.00237953
3.368	0.00237477
3.369	0.00237003
3.37	0.00236529
3.371	0.00236057
3.372	0.00235585
3.373	0.00235115
3.374	0.00234645
3.375	0.00234176
3.376	0.00233708
3.377	0.00233241
3.378	0.00232775
3.379	0.0023231
3.38	0.00231846
3.381	0.00231383
3.382	0.0023092
3.383	0.00230459
3.384	0.00229998
3.385	0.00229539
3.386	0.0022908
3.387	0.00228623
3.388	0.00228166
3.389	0.0022771
3.39	0.00227255
3.391	0.00226801
3.392	0.00226348
3.393	0.00225896
3.394	0.00225444
3.395	0.00224994
3.396	0.00224544
3.397	0.00224096
3.398	0.00223648
3.399	0.00223201
3.4	0.00222755
3.401	0.0022231
3.402	0.00221866
3.403	0.00221423
3.404	0.0022098
3.405	0.00220539
3.406	0.00220098
3.407	0.00219658
3.408	0.00219219
3.409	0.00218781
3.41	0.00218344
3.411	0.00217908
3.412	0.00217473
3.413	0.00217038
3.414	0.00216604
3.415	0.00216172
3.416	0.0021574
3.417	0.00215309
3.418	0.00214878
3.419	0.00214449
3.42	0.00214021
3.421	0.00213593
3.422	0.00213166
3.423	0.0021274
3.424	0.00212315
3.425	0.00211891
3.426	0.00211468
3.427	0.00211045
3.428	0.00210624
3.429	0.00210203
3.43	0.00209783
3.431	0.00209364
3.432	0.00208945
3.433	0.00208528
3.434	0.00208111
3.435	0.00207695
3.436	0.0020728
3.437	0.00206866
3.438	0.00206453
3.439	0.0020604
3.44	0.00205629
3.441	0.00205218
3.442	0.00204808
3.443	0.00204399
3.444	0.0020399
3.445	0.00203583
3.446	0.00203176
3.447	0.0020277
3.448	0.00202365
3.449	0.00201961
3.45	0.00201557
3.451	0.00201154
3.452	0.00200752
3.453	0.00200351
3.454	0.00199951
3.455	0.00199552
3.456	0.00199153
3.457	0.00198755
3.458	0.00198358
3.459	0.00197962
3.46	0.00197566
3.461	0.00197171
3.462	0.00196777
3.463	0.00196384
3.464	0.00195992
3.465	0.001956
3.466	0.00195209
3.467	0.00194819
3.468	0.0019443
3.469	0.00194042
3.47	0.00193654
3.471	0.00193267
3.472	0.00192881
3.473	0.00192495
3.474	0.00192111
3.475	0.00191727
3.476	0.00191344
3.477	0.00190962
3.478	0.0019058
3.479	0.00190199
3.48	0.00189819
3.481	0.0018944
3.482	0.00189062
3.483	0.00188684
3.484	0.00188307
3.485	0.00187931
3.486	0.00187555
3.487	0.0018718
3.488	0.00186806
3.489	0.00186433
3.49	0.00186061
3.491	0.00185689
3.492	0.00185318
3.493	0.00184948
3.494	0.00184578
3.495	0.00184209
3.496	0.00183841
3.497	0.00183474
3.498	0.00183107
3.499	0.00182742
3.5	0.00182376
3.501	0.00182012
3.502	0.00181648
3.503	0.00181285
3.504	0.00180923
3.505	0.00180562
3.506	0.00180201
3.507	0.00179841
3.508	0.00179482
3.509	0.00179123
3.51	0.00178765
3.511	0.00178408
3.512	0.00178051
3.513	0.00177696
3.514	0.00177341
3.515	0.00176986
3.516	0.00176633
3.517	0.0017628
3.518	0.00175928
3.519	0.00175576
3.52	0.00175225
3.521	0.00174875
3.522	0.00174526
3.523	0.00174177
3.524	0.00173829
3.525	0.00173482
3.526	0.00173135
3.527	0.00172789
3.528	0.00172444
3.529	0.00172099
3.53	0.00171756
3.531	0.00171412
3.532	0.0017107
3.533	0.00170728
3.534	0.00170387
3.535	0.00170047
3.536	0.00169707
3.537	0.00169368
3.538	0.00169029
3.539	0.00168692
3.54	0.00168355
3.541	0.00168018
3.542	0.00167683
3.543	0.00167348
3.544	0.00167013
3.545	0.00166679
3.546	0.00166346
3.547	0.00166014
3.548	0.00165682
3.549	0.00165351
3.55	0.00165021
3.551	0.00164691
3.552	0.00164362
3.553	0.00164034
3.554	0.00163706
3.555	0.00163379
3.556	0.00163053
3.557	0.00162727
3.558	0.00162402
3.559	0.00162077
3.56	0.00161753
3.561	0.0016143
3.562	0.00161108
3.563	0.00160786
3.564	0.00160464
3.565	0.00160144
3.566	0.00159824
3.567	0.00159505
3.568	0.00159186
3.569	0.00158868
3.57	0.0015855
3.571	0.00158234
3.572	0.00157917
3.573	0.00157602
3.574	0.00157287
3.575	0.00156973
3.576	0.00156659
3.577	0.00156346
3.578	0.00156034
3.579	0.00155722
3.58	0.00155411
3.581	0.001551
3.582	0.00154791
3.583	0.00154481
3.584	0.00154173
3.585	0.00153865
3.586	0.00153557
3.587	0.0015325
3.588	0.00152944
3.589	0.00152639
3.59	0.00152334
3.591	0.00152029
3.592	0.00151725
3.593	0.00151422
3.594	0.0015112
3.595	0.00150818
3.596	0.00150516
3.597	0.00150216
3.598	0.00149916
3.599	0.00149616
3.6	0.00149317
3.601	0.00149019
3.602	0.00148721
3.603	0.00148424
3.604	0.00148127
3.605	0.00147831
3.606	0.00147536
3.607	0.00147241
3.608	0.00146947
3.609	0.00146653
3.61	0.0014636
3.611	0.00146068
3.612	0.00145776
3.613	0.00145485
3.614	0.00145194
3.615	0.00144904
3.616	0.00144615
3.617	0.00144326
3.618	0.00144037
3.619	0.0014375
3.62	0.00143462
3.621	0.00143176
3.622	0.0014289
3.623	0.00142604
3.624	0.00142319
3.625	0.00142035
3.626	0.00141751
3.627	0.00141468
3.628	0.00141185
3.629	0.00140903
3.63	0.00140622
3.631	0.00140341
3.632	0.0014006
3.633	0.0013978
3.634	0.00139501
3.635	0.00139222
3.636	0.00138944
3.637	0.00138667
3.638	0.0013839
3.639	0.00138113
3.64	0.00137837
3.641	0.00137562
3.642	0.00137287
3.643	0.00137013
3.644	0.00136739
3.645	0.00136466
3.646	0.00136193
3.647	0.00135921
3.648	0.00135649
3.649	0.00135378
3.65	0.00135108
3.651	0.00134838
3.652	0.00134568
3.653	0.001343
3.654	0.00134031
3.655	0.00133763
3.656	0.00133496
3.657	0.00133229
3.658	0.00132963
3.659	0.00132698
3.66	0.00132432
3.661	0.00132168
3.662	0.00131904
3.663	0.0013164
3.664	0.00131377
3.665	0.00131115
3.666	0.00130853
3.667	0.00130591
3.668	0.0013033
3.669	0.0013007
3.67	0.0012981
3.671	0.00129551
3.672	0.00129292
3.673	0.00129034
3.674	0.00128776
3.675	0.00128518
3.676	0.00128262
3.677	0.00128005
3.678	0.0012775
3.679	0.00127494
3.68	0.0012724
3.681	0.00126985
3.682	0.00126732
3.683	0.00126479
3.684	0.00126226
3.685	0.00125974
3.686	0.00125722
3.687	0.00125471
3.688	0.0012522
3.689	0.0012497
3.69	0.0012472
3.691	0.00124471
3.692	0.00124222
3.693	0.00123974
3.694	0.00123726
3.695	0.00123479
3.696	0.00123232
3.697	0.00122986
3.698	0.00122741
3.699	0.00122495
3.7	0.00122251
3.701	0.00122006
3.702	0.00121763
3.703	0.00121519
3.704	0.00121276
3.705	0.00121034
3.706	0.00120792
3.707	0.00120551
3.708	0.0012031
3.709	0.0012007
3.71	0.0011983
3.711	0.0011959
3.712	0.00119351
3.713	0.00119113
3.714	0.00118875
3.715	0.00118638
3.716	0.001184
3.717	0.00118164
3.718	0.00117928
3.719	0.00117692
3.72	0.00117457
3.721	0.00117222
3.722	0.00116988
3.723	0.00116754
3.724	0.00116521
3.725	0.00116288
3.726	0.00116056
3.727	0.00115824
3.728	0.00115593
3.729	0.00115362
3.73	0.00115131
3.731	0.00114901
3.732	0.00114672
3.733	0.00114443
3.734	0.00114214
3.735	0.00113986
3.736	0.00113758
3.737	0.00113531
3.738	0.00113304
3.739	0.00113077
3.74	0.00112851
3.741	0.00112626
3.742	0.00112401
3.743	0.00112176
3.744	0.00111952
3.745	0.00111729
3.746	0.00111505
3.747	0.00111283
3.748	0.0011106
3.749	0.00110838
3.75	0.00110617
3.751	0.00110396
3.752	0.00110175
3.753	0.00109955
3.754	0.00109735
3.755	0.00109516
3.756	0.00109297
3.757	0.00109079
3.758	0.00108861
3.759	0.00108644
3.76	0.00108427
3.761	0.0010821
3.762	0.00107994
3.763	0.00107778
3.764	0.00107563
3.765	0.00107348
3.766	0.00107133
3.767	0.00106919
3.768	0.00106705
3.769	0.00106492
3.77	0.0010628
3.771	0.00106067
3.772	0.00105855
3.773	0.00105644
3.774	0.00105433
3.775	0.00105222
3.776	0.00105012
3.777	0.00104802
3.778	0.00104593
3.779	0.00104384
3.78	0.00104175
3.781	0.00103967
3.782	0.00103759
3.783	0.00103552
3.784	0.00103345
3.785	0.00103138
3.786	0.00102932
3.787	0.00102727
3.788	0.00102522
3.789	0.00102317
3.79	0.00102112
3.791	0.00101908
3.792	0.00101705
3.793	0.00101501
3.794	0.00101299
3.795	0.00101096
3.796	0.00100894
3.797	0.00100693
3.798	0.00100491
3.799	0.00100291
3.8	0.0010009
3.801	0.000998903
3.802	0.000996907
3.803	0.000994915
3.804	0.000992928
3.805	0.000990944
3.806	0.000988964
3.807	0.000986988
3.808	0.000985016
3.809	0.000983048
3.81	0.000981084
3.811	0.000979123
3.812	0.000977167
3.813	0.000975215
3.814	0.000973266
3.815	0.000971322
3.816	0.000969381
3.817	0.000967444
3.818	0.000965511
3.819	0.000963582
3.82	0.000961657
3.821	0.000959736
3.822	0.000957818
3.823	0.000955904
3.824	0.000953994
3.825	0.000952088
3.826	0.000950186
3.827	0.000948288
3.828	0.000946393
3.829	0.000944502
3.83	0.000942615
3.831	0.000940731
3.832	0.000938852
3.833	0.000936976
3.834	0.000935104
3.835	0.000933236
3.836	0.000931371
3.837	0.00092951
3.838	0.000927653
3.839	0.0009258
3.84	0.00092395
3.841	0.000922104
3.842	0.000920261
3.843	0.000918423
3.844	0.000916588
3.845	0.000914756
3.846	0.000912929
3.847	0.000911105
3.848	0.000909284
3.849	0.000907467
3.85	0.000905654
3.851	0.000903845
3.852	0.000902039
3.853	0.000900237
3.854	0.000898438
3.855	0.000896643
3.856	0.000894851
3.857	0.000893064
3.858	0.000891279
3.859	0.000889498
3.86	0.000887721
3.861	0.000885948
3.862	0.000884177
3.863	0.000882411
3.864	0.000880648
3.865	0.000878888
3.866	0.000877132
3.867	0.00087538
3.868	0.000873631
3.869	0.000871885
3.87	0.000870143
3.871	0.000868405
3.872	0.00086667
3.873	0.000864938
3.874	0.00086321
3.875	0.000861485
3.876	0.000859764
3.877	0.000858046
3.878	0.000856332
3.879	0.000854621
3.88	0.000852913
3.881	0.000851209
3.882	0.000849508
3.883	0.000847811
3.884	0.000846117
3.885	0.000844427
3.886	0.000842739
3.887	0.000841056
3.888	0.000839375
3.889	0.000837698
3.89	0.000836024
3.891	0.000834354
3.892	0.000832687
3.893	0.000831023
3.894	0.000829363
3.895	0.000827706
3.896	0.000826052
3.897	0.000824402
3.898	0.000822754
3.899	0.000821111
3.9	0.00081947
3.901	0.000817833
3.902	0.000816199
3.903	0.000814568
3.904	0.00081294
3.905	0.000811316
3.906	0.000809695
3.907	0.000808077
3.908	0.000806463
3.909	0.000804851
3.91	0.000803243
3.911	0.000801638
3.912	0.000800037
3.913	0.000798438
3.914	0.000796843
3.915	0.000795251
3.916	0.000793662
3.917	0.000792076
3.918	0.000790494
3.919	0.000788914
3.92	0.000787338
3.921	0.000785765
3.922	0.000784195
3.923	0.000782628
3.924	0.000781065
3.925	0.000779504
3.926	0.000777946
3.927	0.000776392
3.928	0.000774841
3.929	0.000773293
3.93	0.000771748
3.931	0.000770206
3.932	0.000768667
3.933	0.000767131
3.934	0.000765598
3.935	0.000764069
3.936	0.000762542
3.937	0.000761019
3.938	0.000759498
3.939	0.000757981
3.94	0.000756466
3.941	0.000754955
3.942	0.000753446
3.943	0.000751941
3.944	0.000750439
3.945	0.000748939
3.946	0.000747443
3.947	0.000745949
3.948	0.000744459
3.949	0.000742972
3.95	0.000741487
3.951	0.000740006
3.952	0.000738527
3.953	0.000737051
3.954	0.000735579
3.955	0.000734109
3.956	0.000732642
3.957	0.000731179
3.958	0.000729718
3.959	0.00072826
3.96	0.000726805
3.961	0.000725352
3.962	0.000723903
3.963	0.000722457
3.964	0.000721013
3.965	0.000719573
3.966	0.000718135
3.967	0.0007167
3.968	0.000715268
3.969	0.000713839
3.97	0.000712413
3.971	0.00071099
3.972	0.000709569
3.973	0.000708151
3.974	0.000706736
3.975	0.000705324
3.976	0.000703915
3.977	0.000702509
3.978	0.000701105
3.979	0.000699704
3.98	0.000698306
3.981	0.000696911
3.982	0.000695519
3.983	0.000694129
3.984	0.000692742
3.985	0.000691358
3.986	0.000689977
3.987	0.000688598
3.988	0.000687222
3.989	0.000685849
3.99	0.000684479
3.991	0.000683111
3.992	0.000681746
3.993	0.000680384
3.994	0.000679025
3.995	0.000677668
3.996	0.000676314
3.997	0.000674963
3.998	0.000673614
3.999	0.000672268
4	0.000670925
4.001	0.000669585
4.002	0.000668247
4.003	0.000666912
4.004	0.000665579
4.005	0.000664249
4.006	0.000662922
4.007	0.000661598
4.008	0.000660276
4.009	0.000658957
4.01	0.00065764
4.011	0.000656326
4.012	0.000655015
4.013	0.000653706
4.014	0.0006524
4.015	0.000651096
4.016	0.000649796
4.017	0.000648497
4.018	0.000647202
4.019	0.000645908
4.02	0.000644618
4.021	0.00064333
4.022	0.000642045
4.023	0.000640762
4.024	0.000639482
4.025	0.000638204
4.026	0.000636929
4.027	0.000635656
4.028	0.000634386
4.029	0.000633119
4.03	0.000631854
4.031	0.000630591
4.032	0.000629331
4.033	0.000628074
4.034	0.000626819
4.035	0.000625567
4.036	0.000624317
4.037	0.000623069
4.038	0.000621824
4.039	0.000620582
4.04	0.000619342
4.041	0.000618105
4.042	0.00061687
4.043	0.000615637
4.044	0.000614407
4.045	0.00061318
4.046	0.000611954
4.047	0.000610732
4.048	0.000609511
4.049	0.000608294
4.05	0.000607078
4.051	0.000605865
4.052	0.000604655
4.053	0.000603447
4.054	0.000602241
4.055	0.000601038
4.056	0.000599837
4.057	0.000598638
4.058	0.000597442
4.059	0.000596249
4.06	0.000595057
4.061	0.000593868
4.062	0.000592682
4.063	0.000591498
4.064	0.000590316
4.065	0.000589136
4.066	0.000587959
4.067	0.000586785
4.068	0.000585612
4.069	0.000584442
4.07	0.000583274
4.071	0.000582109
4.072	0.000580946
4.073	0.000579785
4.074	0.000578627
4.075	0.000577471
4.076	0.000576317
4.077	0.000575165
4.078	0.000574016
4.079	0.000572869
4.08	0.000571725
4.081	0.000570582
4.082	0.000569442
4.083	0.000568305
4.084	0.000567169
4.085	0.000566036
4.086	0.000564905
4.087	0.000563776
4.088	0.00056265
4.089	0.000561526
4.09	0.000560404
4.091	0.000559284
4.092	0.000558167
4.093	0.000557052
4.094	0.000555939
4.095	0.000554828
4.096	0.000553719
4.097	0.000552613
4.098	0.000551509
4.099	0.000550407
4.1	0.000549307
4.101	0.00054821
4.102	0.000547114
4.103	0.000546021
4.104	0.00054493
4.105	0.000543841
4.106	0.000542755
4.107	0.00054167
4.108	0.000540588
4.109	0.000539508
4.11	0.00053843
4.111	0.000537354
4.112	0.000536281
4.113	0.000535209
4.114	0.00053414
4.115	0.000533073
4.116	0.000532008
4.117	0.000530945
4.118	0.000529884
4.119	0.000528825
4.12	0.000527768
4.121	0.000526714
4.122	0.000525662
4.123	0.000524611
4.124	0.000523563
4.125	0.000522517
4.126	0.000521473
4.127	0.000520431
4.128	0.000519391
4.129	0.000518354
4.13	0.000517318
4.131	0.000516284
4.132	0.000515253
4.133	0.000514223
4.134	0.000513196
4.135	0.000512171
4.136	0.000511147
4.137	0.000510126
4.138	0.000509107
4.139	0.00050809
4.14	0.000507074
4.141	0.000506061
4.142	0.00050505
4.143	0.000504041
4.144	0.000503034
4.145	0.000502029
4.146	0.000501026
4.147	0.000500025
4.148	0.000499026
4.149	0.000498029
4.15	0.000497034
4.151	0.000496041
4.152	0.000495049
4.153	0.00049406
4.154	0.000493073
4.155	0.000492088
4.156	0.000491105
4.157	0.000490124
4.158	0.000489144
4.159	0.000488167
4.16	0.000487192
4.161	0.000486218
4.162	0.000485247
4.163	0.000484277
4.164	0.00048331
4.165	0.000482344
4.166	0.00048138
4.167	0.000480419
4.168	0.000479459
4.169	0.000478501
4.17	0.000477545
4.171	0.000476591
4.172	0.000475638
4.173	0.000474688
4.174	0.00047374
4.175	0.000472793
4.176	0.000471848
4.177	0.000470906
4.178	0.000469965
4.179	0.000469026
4.18	0.000468089
4.181	0.000467153
4.182	0.00046622
4.183	0.000465289
4.184	0.000464359
4.185	0.000463431
4.186	0.000462505
4.187	0.000461581
4.188	0.000460659
4.189	0.000459738
4.19	0.00045882
4.191	0.000457903
4.192	0.000456988
4.193	0.000456075
4.194	0.000455164
4.195	0.000454255
4.196	0.000453347
4.197	0.000452441
4.198	0.000451537
4.199	0.000450635
4.2	0.000449735
4.201	0.000448836
4.202	0.000447939
4.203	0.000447044
4.204	0.000446151
4.205	0.00044526
4.206	0.00044437
4.207	0.000443482
4.208	0.000442596
4.209	0.000441712
4.21	0.000440829
4.211	0.000439949
4.212	0.00043907
4.213	0.000438192
4.214	0.000437317
4.215	0.000436443
4.216	0.000435571
4.217	0.000434701
4.218	0.000433832
4.219	0.000432965
4.22	0.0004321
4.221	0.000431237
4.222	0.000430375
4.223	0.000429515
4.224	0.000428657
4.225	0.000427801
4.226	0.000426946
4.227	0.000426093
4.228	0.000425242
4.229	0.000424392
4.23	0.000423544
4.231	0.000422698
4.232	0.000421853
4.233	0.00042101
4.234	0.000420169
4.235	0.00041933
4.236	0.000418492
4.237	0.000417656
4.238	0.000416821
4.239	0.000415989
4.24	0.000415157
4.241	0.000414328
4.242	0.0004135
4.243	0.000412674
4.244	0.000411849
4.245	0.000411027
4.246	0.000410205
4.247	0.000409386
4.248	0.000408568
4.249	0.000407751
4.25	0.000406937
4.251	0.000406124
4.252	0.000405312
4.253	0.000404502
4.254	0.000403694
4.255	0.000402888
4.256	0.000402083
4.257	0.000401279
4.258	0.000400478
4.259	0.000399677
4.26	0.000398879
4.261	0.000398082
4.262	0.000397287
4.263	0.000396493
4.264	0.000395701
4.265	0.00039491
4.266	0.000394121
4.267	0.000393333
4.268	0.000392548
4.269	0.000391763
4.27	0.000390981
4.271	0.000390199
4.272	0.00038942
4.273	0.000388642
4.274	0.000387865
4.275	0.00038709
4.276	0.000386317
4.277	0.000385545
4.278	0.000384775
4.279	0.000384006
4.28	0.000383239
4.281	0.000382473
4.282	0.000381709
4.283	0.000380946
4.284	0.000380185
4.285	0.000379425
4.286	0.000378667
4.287	0.000377911
4.288	0.000377156
4.289	0.000376402
4.29	0.00037565
4.291	0.000374899
4.292	0.00037415
4.293	0.000373403
4.294	0.000372657
4.295	0.000371912
4.296	0.000371169
4.297	0.000370427
4.298	0.000369687
4.299	0.000368949
4.3	0.000368212
4.301	0.000367476
4.302	0.000366742
4.303	0.000366009
4.304	0.000365278
4.305	0.000364548
4.306	0.000363819
4.307	0.000363093
4.308	0.000362367
4.309	0.000361643
4.31	0.000360921
4.311	0.000360199
4.312	0.00035948
4.313	0.000358761
4.314	0.000358045
4.315	0.000357329
4.316	0.000356615
4.317	0.000355903
4.318	0.000355192
4.319	0.000354482
4.32	0.000353774
4.321	0.000353067
4.322	0.000352362
4.323	0.000351658
4.324	0.000350955
4.325	0.000350254
4.326	0.000349554
4.327	0.000348855
4.328	0.000348158
4.329	0.000347463
4.33	0.000346769
4.331	0.000346076
4.332	0.000345384
4.333	0.000344694
4.334	0.000344006
4.335	0.000343318
4.336	0.000342632
4.337	0.000341948
4.338	0.000341264
4.339	0.000340583
4.34	0.000339902
4.341	0.000339223
4.342	0.000338545
4.343	0.000337869
4.344	0.000337194
4.345	0.00033652
4.346	0.000335848
4.347	0.000335177
4.348	0.000334507
4.349	0.000333839
4.35	0.000333172
4.351	0.000332506
4.352	0.000331842
4.353	0.000331179
4.354	0.000330517
4.355	0.000329857
4.356	0.000329197
4.357	0.00032854
4.358	0.000327883
4.359	0.000327228
4.36	0.000326574
4.361	0.000325922
4.362	0.000325271
4.363	0.000324621
4.364	0.000323972
4.365	0.000323325
4.366	0.000322679
4.367	0.000322034
4.368	0.000321391
4.369	0.000320749
4.37	0.000320108
4.371	0.000319468
4.372	0.00031883
4.373	0.000318193
4.374	0.000317557
4.375	0.000316923
4.376	0.000316289
4.377	0.000315657
4.378	0.000315027
4.379	0.000314397
4.38	0.000313769
4.381	0.000313142
4.382	0.000312517
4.383	0.000311892
4.384	0.000311269
4.385	0.000310647
4.386	0.000310026
4.387	0.000309407
4.388	0.000308789
4.389	0.000308172
4.39	0.000307556
4.391	0.000306942
4.392	0.000306328
4.393	0.000305716
4.394	0.000305106
4.395	0.000304496
4.396	0.000303888
4.397	0.00030328
4.398	0.000302674
4.399	0.00030207
4.4	0.000301466
4.401	0.000300864
4.402	0.000300263
4.403	0.000299663
4.404	0.000299064
4.405	0.000298467
4.406	0.00029787
4.407	0.000297275
4.408	0.000296681
4.409	0.000296088
4.41	0.000295497
4.411	0.000294906
4.412	0.000294317
4.413	0.000293729
4.414	0.000293142
4.415	0.000292556
4.416	0.000291972
4.417	0.000291389
4.418	0.000290806
4.419	0.000290225
4.42	0.000289645
4.421	0.000289067
4.422	0.000288489
4.423	0.000287913
4.424	0.000287338
4.425	0.000286763
4.426	0.000286191
4.427	0.000285619
4.428	0.000285048
4.429	0.000284479
4.43	0.00028391
4.431	0.000283343
4.432	0.000282777
4.433	0.000282212
4.434	0.000281648
4.435	0.000281085
4.436	0.000280524
4.437	0.000279963
4.438	0.000279404
4.439	0.000278845
4.44	0.000278288
4.441	0.000277732
4.442	0.000277177
4.443	0.000276624
4.444	0.000276071
4.445	0.000275519
4.446	0.000274969
4.447	0.000274419
4.448	0.000273871
4.449	0.000273324
4.45	0.000272778
4.451	0.000272233
4.452	0.000271689
4.453	0.000271146
4.454	0.000270604
4.455	0.000270064
4.456	0.000269524
4.457	0.000268986
4.458	0.000268448
4.459	0.000267912
4.46	0.000267376
4.461	0.000266842
4.462	0.000266309
4.463	0.000265777
4.464	0.000265246
4.465	0.000264716
4.466	0.000264187
4.467	0.000263659
4.468	0.000263133
4.469	0.000262607
4.47	0.000262082
4.471	0.000261558
4.472	0.000261036
4.473	0.000260514
4.474	0.000259994
4.475	0.000259474
4.476	0.000258956
4.477	0.000258438
4.478	0.000257922
4.479	0.000257407
4.48	0.000256893
4.481	0.000256379
4.482	0.000255867
4.483	0.000255356
4.484	0.000254846
4.485	0.000254336
4.486	0.000253828
4.487	0.000253321
4.488	0.000252815
4.489	0.00025231
4.49	0.000251806
4.491	0.000251303
4.492	0.0002508
4.493	0.000250299
4.494	0.000249799
4.495	0.0002493
4.496	0.000248802
4.497	0.000248305
4.498	0.000247809
4.499	0.000247314
4.5	0.00024682
4.501	0.000246326
4.502	0.000245834
4.503	0.000245343
4.504	0.000244853
4.505	0.000244364
4.506	0.000243875
4.507	0.000243388
4.508	0.000242902
4.509	0.000242417
4.51	0.000241932
4.511	0.000241449
4.512	0.000240966
4.513	0.000240485
4.514	0.000240005
4.515	0.000239525
4.516	0.000239046
4.517	0.000238569
4.518	0.000238092
4.519	0.000237616
4.52	0.000237142
4.521	0.000236668
4.522	0.000236195
4.523	0.000235723
4.524	0.000235252
4.525	0.000234782
4.526	0.000234313
4.527	0.000233845
4.528	0.000233378
4.529	0.000232911
4.53	0.000232446
4.531	0.000231982
4.532	0.000231518
4.533	0.000231055
4.534	0.000230594
4.535	0.000230133
4.536	0.000229673
4.537	0.000229214
4.538	0.000228756
4.539	0.000228299
4.54	0.000227843
4.541	0.000227388
4.542	0.000226934
4.543	0.00022648
4.544	0.000226028
4.545	0.000225576
4.546	0.000225125
4.547	0.000224676
4.548	0.000224227
4.549	0.000223779
4.55	0.000223332
4.551	0.000222885
4.552	0.00022244
4.553	0.000221996
4.554	0.000221552
4.555	0.000221109
4.556	0.000220668
4.557	0.000220227
4.558	0.000219787
4.559	0.000219348
4.56	0.000218909
4.561	0.000218472
4.562	0.000218035
4.563	0.0002176
4.564	0.000217165
4.565	0.000216731
4.566	0.000216298
4.567	0.000215866
4.568	0.000215435
4.569	0.000215004
4.57	0.000214575
4.571	0.000214146
4.572	0.000213718
4.573	0.000213291
4.574	0.000212865
4.575	0.00021244
4.576	0.000212015
4.577	0.000211592
4.578	0.000211169
4.579	0.000210747
4.58	0.000210326
4.581	0.000209906
4.582	0.000209486
4.583	0.000209068
4.584	0.00020865
4.585	0.000208233
4.586	0.000207817
4.587	0.000207402
4.588	0.000206987
4.589	0.000206574
4.59	0.000206161
4.591	0.000205749
4.592	0.000205338
4.593	0.000204928
4.594	0.000204518
4.595	0.00020411
4.596	0.000203702
4.597	0.000203295
4.598	0.000202889
4.599	0.000202483
4.6	0.000202079
4.601	0.000201675
4.602	0.000201272
4.603	0.00020087
4.604	0.000200469
4.605	0.000200068
4.606	0.000199668
4.607	0.000199269
4.608	0.000198871
4.609	0.000198474
4.61	0.000198077
4.611	0.000197682
4.612	0.000197287
4.613	0.000196892
4.614	0.000196499
4.615	0.000196106
4.616	0.000195715
4.617	0.000195324
4.618	0.000194933
4.619	0.000194544
4.62	0.000194155
4.621	0.000193767
4.622	0.00019338
4.623	0.000192994
4.624	0.000192608
4.625	0.000192223
4.626	0.000191839
4.627	0.000191456
4.628	0.000191073
4.629	0.000190692
4.63	0.000190311
4.631	0.00018993
4.632	0.000189551
4.633	0.000189172
4.634	0.000188794
4.635	0.000188417
4.636	0.000188041
4.637	0.000187665
4.638	0.00018729
4.639	0.000186916
4.64	0.000186542
4.641	0.00018617
4.642	0.000185798
4.643	0.000185426
4.644	0.000185056
4.645	0.000184686
4.646	0.000184317
4.647	0.000183949
4.648	0.000183581
4.649	0.000183215
4.65	0.000182848
4.651	0.000182483
4.652	0.000182119
4.653	0.000181755
4.654	0.000181392
4.655	0.000181029
4.656	0.000180667
4.657	0.000180306
4.658	0.000179946
4.659	0.000179587
4.66	0.000179228
4.661	0.00017887
4.662	0.000178512
4.663	0.000178156
4.664	0.0001778
4.665	0.000177444
4.666	0.00017709
4.667	0.000176736
4.668	0.000176383
4.669	0.000176031
4.67	0.000175679
4.671	0.000175328
4.672	0.000174978
4.673	0.000174628
4.674	0.000174279
4.675	0.000173931
4.676	0.000173583
4.677	0.000173237
4.678	0.00017289
4.679	0.000172545
4.68	0.0001722
4.681	0.000171856
4.682	0.000171513
4.683	0.00017117
4.684	0.000170828
4.685	0.000170487
4.686	0.000170146
4.687	0.000169806
4.688	0.000169467
4.689	0.000169128
4.69	0.00016879
4.691	0.000168453
4.692	0.000168117
4.693	0.000167781
4.694	0.000167445
4.695	0.000167111
4.696	0.000166777
4.697	0.000166444
4.698	0.000166111
4.699	0.000165779
4.7	0.000165448
4.701	0.000165118
4.702	0.000164788
4.703	0.000164458
4.704	0.00016413
4.705	0.000163802
4.706	0.000163475
4.707	0.000163148
4.708	0.000162822
4.709	0.000162497
4.71	0.000162172
4.711	0.000161848
4.712	0.000161525
4.713	0.000161202
4.714	0.00016088
4.715	0.000160558
4.716	0.000160238
4.717	0.000159917
4.718	0.000159598
4.719	0.000159279
4.72	0.000158961
4.721	0.000158643
4.722	0.000158326
4.723	0.00015801
4.724	0.000157694
4.725	0.000157379
4.726	0.000157065
4.727	0.000156751
4.728	0.000156438
4.729	0.000156125
4.73	0.000155813
4.731	0.000155502
4.732	0.000155191
4.733	0.000154881
4.734	0.000154572
4.735	0.000154263
4.736	0.000153955
4.737	0.000153647
4.738	0.00015334
4.739	0.000153034
4.74	0.000152728
4.741	0.000152423
4.742	0.000152118
4.743	0.000151814
4.744	0.000151511
4.745	0.000151208
4.746	0.000150906
4.747	0.000150605
4.748	0.000150304
4.749	0.000150003
4.75	0.000149704
4.751	0.000149405
4.752	0.000149106
4.753	0.000148808
4.754	0.000148511
4.755	0.000148214
4.756	0.000147918
4.757	0.000147622
4.758	0.000147327
4.759	0.000147033
4.76	0.000146739
4.761	0.000146446
4.762	0.000146154
4.763	0.000145862
4.764	0.00014557
4.765	0.000145279
4.766	0.000144989
4.767	0.000144699
4.768	0.00014441
4.769	0.000144122
4.77	0.000143834
4.771	0.000143546
4.772	0.00014326
4.773	0.000142973
4.774	0.000142688
4.775	0.000142403
4.776	0.000142118
4.777	0.000141834
4.778	0.000141551
4.779	0.000141268
4.78	0.000140986
4.781	0.000140704
4.782	0.000140423
4.783	0.000140142
4.784	0.000139862
4.785	0.000139583
4.786	0.000139304
4.787	0.000139026
4.788	0.000138748
4.789	0.000138471
4.79	0.000138194
4.791	0.000137918
4.792	0.000137642
4.793	0.000137367
4.794	0.000137093
4.795	0.000136819
4.796	0.000136545
4.797	0.000136273
4.798	0.000136
4.799	0.000135729
4.8	0.000135457
4.801	0.000135187
4.802	0.000134917
4.803	0.000134647
4.804	0.000134378
4.805	0.00013411
4.806	0.000133842
4.807	0.000133574
4.808	0.000133307
4.809	0.000133041
4.81	0.000132775
4.811	0.00013251
4.812	0.000132245
4.813	0.000131981
4.814	0.000131717
4.815	0.000131454
4.816	0.000131191
4.817	0.000130929
4.818	0.000130668
4.819	0.000130407
4.82	0.000130146
4.821	0.000129886
4.822	0.000129627
4.823	0.000129368
4.824	0.000129109
4.825	0.000128851
4.826	0.000128594
4.827	0.000128337
4.828	0.00012808
4.829	0.000127824
4.83	0.000127569
4.831	0.000127314
4.832	0.00012706
4.833	0.000126806
4.834	0.000126553
4.835	0.0001263
4.836	0.000126047
4.837	0.000125796
4.838	0.000125544
4.839	0.000125293
4.84	0.000125043
4.841	0.000124793
4.842	0.000124544
4.843	0.000124295
4.844	0.000124047
4.845	0.000123799
4.846	0.000123551
4.847	0.000123305
4.848	0.000123058
4.849	0.000122812
4.85	0.000122567
4.851	0.000122322
4.852	0.000122078
4.853	0.000121834
4.854	0.00012159
4.855	0.000121347
4.856	0.000121105
4.857	0.000120863
4.858	0.000120622
4.859	0.000120381
4.86	0.00012014
4.861	0.0001199
4.862	0.00011966
4.863	0.000119421
4.864	0.000119183
4.865	0.000118945
4.866	0.000118707
4.867	0.00011847
4.868	0.000118233
4.869	0.000117997
4.87	0.000117761
4.871	0.000117526
4.872	0.000117291
4.873	0.000117057
4.874	0.000116823
4.875	0.000116589
4.876	0.000116356
4.877	0.000116124
4.878	0.000115892
4.879	0.00011566
4.88	0.000115429
4.881	0.000115199
4.882	0.000114968
4.883	0.000114739
4.884	0.000114509
4.885	0.000114281
4.886	0.000114052
4.887	0.000113824
4.888	0.000113597
4.889	0.00011337
4.89	0.000113144
4.891	0.000112918
4.892	0.000112692
4.893	0.000112467
4.894	0.000112242
4.895	0.000112018
4.896	0.000111794
4.897	0.000111571
4.898	0.000111348
4.899	0.000111125
4.9	0.000110903
4.901	0.000110682
4.902	0.00011046
4.903	0.00011024
4.904	0.00011002
4.905	0.0001098
4.906	0.00010958
4.907	0.000109361
4.908	0.000109143
4.909	0.000108925
4.91	0.000108707
4.911	0.00010849
4.912	0.000108273
4.913	0.000108057
4.914	0.000107841
4.915	0.000107626
4.916	0.00010741
4.917	0.000107196
4.918	0.000106982
4.919	0.000106768
4.92	0.000106555
4.921	0.000106342
4.922	0.000106129
4.923	0.000105917
4.924	0.000105706
4.925	0.000105494
4.926	0.000105284
4.927	0.000105073
4.928	0.000104863
4.929	0.000104654
4.93	0.000104445
4.931	0.000104236
4.932	0.000104028
4.933	0.00010382
4.934	0.000103612
4.935	0.000103405
4.936	0.000103199
4.937	0.000102993
4.938	0.000102787
4.939	0.000102582
4.94	0.000102377
4.941	0.000102172
4.942	0.000101968
4.943	0.000101764
4.944	0.000101561
4.945	0.000101358
4.946	0.000101155
4.947	0.000100953
4.948	0.000100752
4.949	0.00010055
4.95	0.000100349
4.951	0.000100149
4.952	9.99488e-05
4.953	9.97491e-05
4.954	9.95498e-05
4.955	9.93509e-05
4.956	9.91524e-05
4.957	9.89543e-05
4.958	9.87566e-05
4.959	9.85592e-05
4.96	9.83623e-05
4.961	9.81658e-05
4.962	9.79697e-05
4.963	9.77739e-05
4.964	9.75786e-05
4.965	9.73836e-05
4.966	9.7189e-05
4.967	9.69948e-05
4.968	9.6801e-05
4.969	9.66076e-05
4.97	9.64146e-05
4.971	9.6222e-05
4.972	9.60297e-05
4.973	9.58379e-05
4.974	9.56464e-05
4.975	9.54553e-05
4.976	9.52645e-05
4.977	9.50742e-05
4.978	9.48843e-05
4.979	9.46947e-05
4.98	9.45055e-05
4.981	9.43167e-05
4.982	9.41282e-05
4.983	9.39401e-05
4.984	9.37524e-05
4.985	9.35651e-05
4.986	9.33782e-05
4.987	9.31916e-05
4.988	9.30054e-05
4.989	9.28196e-05
4.99	9.26341e-05
4.991	9.24491e-05
4.992	9.22643e-05
4.993	9.208e-05
4.994	9.1896e-05
4.995	9.17124e-05
4.996	9.15292e-05
4.997	9.13463e-05
4.998	9.11638e-05
4.999	9.09816e-05
5	9.07999e-05
5.001	9.06184e-05
5.002	9.04374e-05
5.003	9.02567e-05
5.004	9.00764e-05
5.005	8.98964e-05
5.006	8.97168e-05
5.007	8.95375e-05
5.008	8.93586e-05
5.009	8.91801e-05
5.01	8.90019e-05
5.011	8.88241e-05
5.012	8.86466e-05
5.013	8.84695e-05
5.014	8.82927e-05
5.015	8.81163e-05
5.016	8.79403e-05
5.017	8.77646e-05
5.018	8.75892e-05
5.019	8.74142e-05
5.02	8.72395e-05
5.021	8.70652e-05
5.022	8.68913e-05
5.023	8.67177e-05
5.024	8.65444e-05
5.025	8.63715e-05
5.026	8.61989e-05
5.027	8.60267e-05
5.028	8.58548e-05
5.029	8.56833e-05
5.03	8.55121e-05
5.031	8.53412e-05
5.032	8.51707e-05
5.033	8.50006e-05
5.034	8.48307e-05
5.035	8.46612e-05
5.036	8.44921e-05
5.037	8.43233e-05
5.038	8.41548e-05
5.039	8.39866e-05
5.04	8.38188e-05
5.041	8.36514e-05
5.042	8.34842e-05
5.043	8.33174e-05
5.044	8.3151e-05
5.045	8.29848e-05
5.046	8.2819e-05
5.047	8.26535e-05
5.048	8.24884e-05
5.049	8.23236e-05
5.05	8.21591e-05
5.051	8.1995e-05
5.052	8.18311e-05
5.053	8.16676e-05
5.054	8.15045e-05
5.055	8.13416e-05
5.056	8.11791e-05
5.057	8.10169e-05
5.058	8.0855e-05
5.059	8.06935e-05
5.06	8.05323e-05
5.061	8.03713e-05
5.062	8.02108e-05
5.063	8.00505e-05
5.064	7.98906e-05
5.065	7.97309e-05
5.066	7.95716e-05
5.067	7.94127e-05
5.068	7.9254e-05
5.069	7.90956e-05
5.07	7.89376e-05
5.071	7.87799e-05
5.072	7.86225e-05
5.073	7.84654e-05
5.074	7.83086e-05
5.075	7.81522e-05
5.076	7.7996e-05
5.077	7.78402e-05
5.078	7.76847e-05
5.079	7.75294e-05
5.08	7.73745e-05
5.081	7.72199e-05
5.082	7.70657e-05
5.083	7.69117e-05
5.084	7.6758e-05
5.085	7.66046e-05
5.086	7.64516e-05
5.087	7.62988e-05
5.088	7.61464e-05
5.089	7.59943e-05
5.09	7.58424e-05
5.091	7.56909e-05
5.092	7.55397e-05
5.093	7.53887e-05
5.094	7.52381e-05
5.095	7.50878e-05
5.096	7.49377e-05
5.097	7.4788e-05
5.098	7.46386e-05
5.099	7.44895e-05
5.1	7.43406e-05
5.101	7.41921e-05
5.102	7.40439e-05
5.103	7.38959e-05
5.104	7.37483e-05
5.105	7.36009e-05
5.106	7.34539e-05
5.107	7.33071e-05
5.108	7.31607e-05
5.109	7.30145e-05
5.11	7.28686e-05
5.111	7.2723e-05
5.112	7.25777e-05
5.113	7.24327e-05
5.114	7.2288e-05
5.115	7.21435e-05
5.116	7.19994e-05
5.117	7.18555e-05
5.118	7.1712e-05
5.119	7.15687e-05
5.12	7.14257e-05
5.121	7.1283e-05
5.122	7.11406e-05
5.123	7.09984e-05
5.124	7.08566e-05
5.125	7.0715e-05
5.126	7.05737e-05
5.127	7.04327e-05
5.128	7.0292e-05
5.129	7.01515e-05
5.13	7.00114e-05
5.131	6.98715e-05
5.132	6.97319e-05
5.133	6.95926e-05
5.134	6.94535e-05
5.135	6.93148e-05
5.136	6.91763e-05
5.137	6.9038e-05
5.138	6.89001e-05
5.139	6.87624e-05
5.14	6.86251e-05
5.141	6.84879e-05
5.142	6.83511e-05
5.143	6.82145e-05
5.144	6.80782e-05
5.145	6.79422e-05
5.146	6.78065e-05
5.147	6.7671e-05
5.148	6.75358e-05
5.149	6.74009e-05
5.15	6.72662e-05
5.151	6.71318e-05
5.152	6.69977e-05
5.153	6.68638e-05
5.154	6.67302e-05
5.155	6.65969e-05
5.156	6.64638e-05
5.157	6.6331e-05
5.158	6.61985e-05
5.159	6.60662e-05
5.16	6.59342e-05
5.161	6.58025e-05
5.162	6.5671e-05
5.163	6.55398e-05
5.164	6.54089e-05
5.165	6.52782e-05
5.166	6.51477e-05
5.167	6.50176e-05
5.168	6.48877e-05
5.169	6.4758e-05
5.17	6.46286e-05
5.171	6.44995e-05
5.172	6.43706e-05
5.173	6.4242e-05
5.174	6.41137e-05
5.175	6.39856e-05
5.176	6.38577e-05
5.177	6.37301e-05
5.178	6.36028e-05
5.179	6.34757e-05
5.18	6.33489e-05
5.181	6.32223e-05
5.182	6.3096e-05
5.183	6.297e-05
5.184	6.28441e-05
5.185	6.27186e-05
5.186	6.25933e-05
5.187	6.24682e-05
5.188	6.23434e-05
5.189	6.22188e-05
5.19	6.20945e-05
5.191	6.19705e-05
5.192	6.18466e-05
5.193	6.17231e-05
5.194	6.15997e-05
5.195	6.14767e-05
5.196	6.13538e-05
5.197	6.12313e-05
5.198	6.11089e-05
5.199	6.09868e-05
5.2	6.0865e-05
5.201	6.07434e-05
5.202	6.0622e-05
5.203	6.05009e-05
5.204	6.038e-05
5.205	6.02593e-05
5.206	6.0139e-05
5.207	6.00188e-05
5.208	5.98989e-05
5.209	5.97792e-05
5.21	5.96598e-05
5.211	5.95406e-05
5.212	5.94216e-05
5.213	5.93029e-05
5.214	5.91844e-05
5.215	5.90661e-05
5.216	5.89481e-05
5.217	5.88303e-05
5.218	5.87128e-05
5.219	5.85955e-05
5.22	5.84784e-05
5.221	5.83616e-05
5.222	5.8245e-05
5.223	5.81286e-05
5.224	5.80125e-05
5.225	5.78965e-05
5.226	5.77809e-05
5.227	5.76654e-05
5.228	5.75502e-05
5.229	5.74352e-05
5.23	5.73205e-05
5.231	5.72059e-05
5.232	5.70916e-05
5.233	5.69776e-05
5.234	5.68637e-05
5.235	5.67501e-05
5.236	5.66367e-05
5.237	5.65236e-05
5.238	5.64106e-05
5.239	5.62979e-05
5.24	5.61854e-05
5.241	5.60732e-05
5.242	5.59612e-05
5.243	5.58493e-05
5.244	5.57378e-05
5.245	5.56264e-05
5.246	5.55152e-05
5.247	5.54043e-05
5.248	5.52936e-05
5.249	5.51832e-05
5.25	5.50729e-05
5.251	5.49629e-05
5.252	5.4853e-05
5.253	5.47435e-05
5.254	5.46341e-05
5.255	5.45249e-05
5.256	5.4416e-05
5.257	5.43073e-05
5.258	5.41987e-05
5.259	5.40905e-05
5.26	5.39824e-05
5.261	5.38745e-05
5.262	5.37669e-05
5.263	5.36595e-05
5.264	5.35522e-05
5.265	5.34452e-05
5.266	5.33385e-05
5.267	5.32319e-05
5.268	5.31255e-05
5.269	5.30194e-05
5.27	5.29135e-05
5.271	5.28077e-05
5.272	5.27022e-05
5.273	5.25969e-05
5.274	5.24918e-05
5.275	5.2387e-05
5.276	5.22823e-05
5.277	5.21778e-05
5.278	5.20736e-05
5.279	5.19695e-05
5.28	5.18657e-05
5.281	5.17621e-05
5.282	5.16587e-05
5.283	5.15554e-05
5.284	5.14524e-05
5.285	5.13496e-05
5.286	5.1247e-05
5.287	5.11446e-05
5.288	5.10425e-05
5.289	5.09405e-05
5.29	5.08387e-05
5.291	5.07371e-05
5.292	5.06357e-05
5.293	5.05346e-05
5.294	5.04336e-05
5.295	5.03328e-05
5.296	5.02323e-05
5.297	5.01319e-05
5.298	5.00317e-05
5.299	4.99318e-05
5.3	4.9832e-05
5.301	4.97325e-05
5.302	4.96331e-05
5.303	4.95339e-05
5.304	4.9435e-05
5.305	4.93362e-05
5.306	4.92376e-05
5.307	4.91392e-05
5.308	4.90411e-05
5.309	4.89431e-05
5.31	4.88453e-05
5.311	4.87477e-05
5.312	4.86503e-05
5.313	4.85531e-05
5.314	4.84561e-05
5.315	4.83593e-05
5.316	4.82626e-05
5.317	4.81662e-05
5.318	4.807e-05
5.319	4.79739e-05
5.32	4.78781e-05
5.321	4.77824e-05
5.322	4.76869e-05
5.323	4.75917e-05
5.324	4.74966e-05
5.325	4.74017e-05
5.326	4.7307e-05
5.327	4.72125e-05
5.328	4.71181e-05
5.329	4.7024e-05
5.33	4.693e-05
5.331	4.68363e-05
5.332	4.67427e-05
5.333	4.66493e-05
5.334	4.65561e-05
5.335	4.64631e-05
5.336	4.63702e-05
5.337	4.62776e-05
5.338	4.61851e-05
5.339	4.60928e-05
5.34	4.60008e-05
5.341	4.59088e-05
5.342	4.58171e-05
5.343	4.57256e-05
5.344	4.56342e-05
5.345	4.5543e-05
5.346	4.5452e-05
5.347	4.53612e-05
5.348	4.52706e-05
5.349	4.51801e-05
5.35	4.50899e-05
5.351	4.49998e-05
5.352	4.49099e-05
5.353	4.48201e-05
5.354	4.47306e-05
5.355	4.46412e-05
5.356	4.4552e-05
5.357	4.4463e-05
5.358	4.43742e-05
5.359	4.42855e-05
5.36	4.4197e-05
5.361	4.41087e-05
5.362	4.40206e-05
5.363	4.39326e-05
5.364	4.38449e-05
5.365	4.37573e-05
5.366	4.36698e-05
5.367	4.35826e-05
5.368	4.34955e-05
5.369	4.34086e-05
5.37	4.33219e-05
5.371	4.32353e-05
5.372	4.31489e-05
5.373	4.30627e-05
5.374	4.29767e-05
5.375	4.28908e-05
5.376	4.28051e-05
5.377	4.27196e-05
5.378	4.26342e-05
5.379	4.25491e-05
5.38	4.2464e-05
5.381	4.23792e-05
5.382	4.22945e-05
5.383	4.221e-05
5.384	4.21257e-05
5.385	4.20415e-05
5.386	4.19575e-05
5.387	4.18737e-05
5.388	4.179e-05
5.389	4.17065e-05
5.39	4.16232e-05
5.391	4.154e-05
5.392	4.1457e-05
5.393	4.13742e-05
5.394	4.12915e-05
5.395	4.1209e-05
5.396	4.11267e-05
5.397	4.10445e-05
5.398	4.09625e-05
5.399	4.08807e-05
5.4	4.0799e-05
5.401	4.07175e-05
5.402	4.06361e-05
5.403	4.05549e-05
5.404	4.04739e-05
5.405	4.0393e-05
5.406	4.03123e-05
5.407	4.02318e-05
5.408	4.01514e-05
5.409	4.00712e-05
5.41	3.99911e-05
5.411	3.99112e-05
5.412	3.98315e-05
5.413	3.97519e-05
5.414	3.96725e-05
5.415	3.95932e-05
5.416	3.95141e-05
5.417	3.94352e-05
5.418	3.93564e-05
5.419	3.92777e-05
5.42	3.91993e-05
5.421	3.91209e-05
5.422	3.90428e-05
5.423	3.89648e-05
5.424	3.88869e-05
5.425	3.88092e-05
5.426	3.87317e-05
5.427	3.86543e-05
5.428	3.85771e-05
5.429	3.85e-05
5.43	3.84231e-05
5.431	3.83463e-05
5.432	3.82697e-05
5.433	3.81932e-05
5.434	3.81169e-05
5.435	3.80407e-05
5.436	3.79647e-05
5.437	3.78889e-05
5.438	3.78132e-05
5.439	3.77376e-05
5.44	3.76622e-05
5.441	3.7587e-05
5.442	3.75119e-05
5.443	3.74369e-05
5.444	3.73621e-05
5.445	3.72875e-05
5.446	3.7213e-05
5.447	3.71386e-05
5.448	3.70644e-05
5.449	3.69904e-05
5.45	3.69165e-05
5.451	3.68427e-05
5.452	3.67691e-05
5.453	3.66956e-05
5.454	3.66223e-05
5.455	3.65491e-05
5.456	3.64761e-05
5.457	3.64032e-05
5.458	3.63305e-05
5.459	3.62579e-05
5.46	3.61855e-05
5.461	3.61132e-05
5.462	3.6041e-05
5.463	3.5969e-05
5.464	3.58971e-05
5.465	3.58254e-05
5.466	3.57538e-05
5.467	3.56824e-05
5.468	3.56111e-05
5.469	3.554e-05
5.47	3.5469e-05
5.471	3.53981e-05
5.472	3.53274e-05
5.473	3.52568e-05
5.474	3.51863e-05
5.475	3.5116e-05
5.476	3.50459e-05
5.477	3.49758e-05
5.478	3.4906e-05
5.479	3.48362e-05
5.48	3.47666e-05
5.481	3.46972e-05
5.482	3.46278e-05
5.483	3.45586e-05
5.484	3.44896e-05
5.485	3.44207e-05
5.486	3.43519e-05
5.487	3.42833e-05
5.488	3.42148e-05
5.489	3.41464e-05
5.49	3.40782e-05
5.491	3.40101e-05
5.492	3.39422e-05
5.493	3.38743e-05
5.494	3.38067e-05
5.495	3.37391e-05
5.496	3.36717e-05
5.497	3.36044e-05
5.498	3.35373e-05
5.499	3.34703e-05
5.5	3.34034e-05
5.501	3.33367e-05
5.502	3.32701e-05
5.503	3.32036e-05
5.504	3.31372e-05
5.505	3.3071e-05
5.506	3.3005e-05
5.507	3.2939e-05
5.508	3.28732e-05
5.509	3.28075e-05
5.51	3.2742e-05
5.511	3.26766e-05
5.512	3.26113e-05
5.513	3.25461e-05
5.514	3.24811e-05
5.515	3.24162e-05
5.516	3.23514e-05
5.517	3.22868e-05
5.518	3.22223e-05
5.519	3.21579e-05
5.52	3.20936e-05
5.521	3.20295e-05
5.522	3.19655e-05
5.523	3.19017e-05
5.524	3.18379e-05
5.525	3.17743e-05
5.526	3.17108e-05
5.527	3.16475e-05
5.528	3.15842e-05
5.529	3.15211e-05
5.53	3.14581e-05
5.531	3.13953e-05
5.532	3.13326e-05
5.533	3.127e-05
5.534	3.12075e-05
5.535	3.11451e-05
5.536	3.10829e-05
5.537	3.10208e-05
5.538	3.09588e-05
5.539	3.0897e-05
5.54	3.08352e-05
5.541	3.07736e-05
5.542	3.07121e-05
5.543	3.06508e-05
5.544	3.05895e-05
5.545	3.05284e-05
5.546	3.04674e-05
5.547	3.04065e-05
5.548	3.03458e-05
5.549	3.02852e-05
5.55	3.02246e-05
5.551	3.01643e-05
5.552	3.0104e-05
5.553	3.00438e-05
5.554	2.99838e-05
5.555	2.99239e-05
5.556	2.98641e-05
5.557	2.98045e-05
5.558	2.97449e-05
5.559	2.96855e-05
5.56	2.96262e-05
5.561	2.9567e-05
5.562	2.95079e-05
5.563	2.94489e-05
5.564	2.93901e-05
5.565	2.93314e-05
5.566	2.92728e-05
5.567	2.92143e-05
5.568	2.91559e-05
5.569	2.90977e-05
5.57	2.90395e-05
5.571	2.89815e-05
5.572	2.89236e-05
5.573	2.88658e-05
5.574	2.88081e-05
5.575	2.87506e-05
5.576	2.86931e-05
5.577	2.86358e-05
5.578	2.85786e-05
5.579	2.85215e-05
5.58	2.84645e-05
5.581	2.84076e-05
5.582	2.83509e-05
5.583	2.82942e-05
5.584	2.82377e-05
5.585	2.81813e-05
5.586	2.8125e-05
5.587	2.80688e-05
5.588	2.80127e-05
5.589	2.79567e-05
5.59	2.79009e-05
5.591	2.78451e-05
5.592	2.77895e-05
5.593	2.7734e-05
5.594	2.76785e-05
5.595	2.76232e-05
5.596	2.75681e-05
5.597	2.7513e-05
5.598	2.7458e-05
5.599	2.74031e-05
5.6	2.73484e-05
5.601	2.72938e-05
5.602	2.72392e-05
5.603	2.71848e-05
5.604	2.71305e-05
5.605	2.70763e-05
5.606	2.70222e-05
5.607	2.69682e-05
5.608	2.69143e-05
5.609	2.68605e-05
5.61	2.68069e-05
5.611	2.67533e-05
5.612	2.66998e-05
5.613	2.66465e-05
5.614	2.65933e-05
5.615	2.65401e-05
5.616	2.64871e-05
5.617	2.64342e-05
5.618	2.63814e-05
5.619	2.63287e-05
5.62	2.6276e-05
5.621	2.62235e-05
5.622	2.61712e-05
5.623	2.61189e-05
5.624	2.60667e-05
5.625	2.60146e-05
5.626	2.59626e-05
5.627	2.59107e-05
5.628	2.5859e-05
5.629	2.58073e-05
5.63	2.57557e-05
5.631	2.57043e-05
5.632	2.56529e-05
5.633	2.56017e-05
5.634	2.55505e-05
5.635	2.54995e-05
5.636	2.54485e-05
5.637	2.53977e-05
5.638	2.53469e-05
5.639	2.52963e-05
5.64	2.52457e-05
5.641	2.51953e-05
5.642	2.5145e-05
5.643	2.50947e-05
5.644	2.50446e-05
5.645	2.49945e-05
5.646	2.49446e-05
5.647	2.48948e-05
5.648	2.4845e-05
5.649	2.47954e-05
5.65	2.47458e-05
5.651	2.46964e-05
5.652	2.46471e-05
5.653	2.45978e-05
5.654	2.45487e-05
5.655	2.44996e-05
5.656	2.44507e-05
5.657	2.44018e-05
5.658	2.43531e-05
5.659	2.43044e-05
5.66	2.42558e-05
5.661	2.42074e-05
5.662	2.4159e-05
5.663	2.41107e-05
5.664	2.40626e-05
5.665	2.40145e-05
5.666	2.39665e-05
5.667	2.39186e-05
5.668	2.38708e-05
5.669	2.38231e-05
5.67	2.37755e-05
5.671	2.3728e-05
5.672	2.36806e-05
5.673	2.36333e-05
5.674	2.35861e-05
5.675	2.3539e-05
5.676	2.34919e-05
5.677	2.3445e-05
5.678	2.33982e-05
5.679	2.33514e-05
5.68	2.33048e-05
5.681	2.32582e-05
5.682	2.32117e-05
5.683	2.31654e-05
5.684	2.31191e-05
5.685	2.30729e-05
5.686	2.30268e-05
5.687	2.29808e-05
5.688	2.29349e-05
5.689	2.2889e-05
5.69	2.28433e-05
5.691	2.27977e-05
5.692	2.27521e-05
5.693	2.27066e-05
5.694	2.26613e-05
5.695	2.2616e-05
5.696	2.25708e-05
5.697	2.25257e-05
5.698	2.24807e-05
5.699	2.24358e-05
5.7	2.2391e-05
5.701	2.23462e-05
5.702	2.23016e-05
5.703	2.2257e-05
5.704	2.22126e-05
5.705	2.21682e-05
5.706	2.21239e-05
5.707	2.20797e-05
5.708	2.20356e-05
5.709	2.19915e-05
5.71	2.19476e-05
5.711	2.19037e-05
5.712	2.186e-05
5.713	2.18163e-05
5.714	2.17727e-05
5.715	2.17292e-05
5.716	2.16858e-05
5.717	2.16425e-05
5.718	2.15992e-05
5.719	2.15561e-05
5.72	2.1513e-05
5.721	2.147e-05
5.722	2.14271e-05
5.723	2.13843e-05
5.724	2.13416e-05
5.725	2.12989e-05
5.726	2.12564e-05
5.727	2.12139e-05
5.728	2.11715e-05
5.729	2.11292e-05
5.73	2.1087e-05
5.731	2.10449e-05
5.732	2.10028e-05
5.733	2.09609e-05
5.734	2.0919e-05
5.735	2.08772e-05
5.736	2.08355e-05
5.737	2.07939e-05
5.738	2.07523e-05
5.739	2.07109e-05
5.74	2.06695e-05
5.741	2.06282e-05
5.742	2.0587e-05
5.743	2.05458e-05
5.744	2.05048e-05
5.745	2.04638e-05
5.746	2.04229e-05
5.747	2.03821e-05
5.748	2.03414e-05
5.749	2.03007e-05
5.75	2.02602e-05
5.751	2.02197e-05
5.752	2.01793e-05
5.753	2.0139e-05
5.754	2.00988e-05
5.755	2.00586e-05
5.756	2.00185e-05
5.757	1.99785e-05
5.758	1.99386e-05
5.759	1.98988e-05
5.76	1.9859e-05
5.761	1.98193e-05
5.762	1.97797e-05
5.763	1.97402e-05
5.764	1.97008e-05
5.765	1.96614e-05
5.766	1.96221e-05
5.767	1.95829e-05
5.768	1.95438e-05
5.769	1.95047e-05
5.77	1.94658e-05
5.771	1.94269e-05
5.772	1.93881e-05
5.773	1.93493e-05
5.774	1.93107e-05
5.775	1.92721e-05
5.776	1.92336e-05
5.777	1.91952e-05
5.778	1.91568e-05
5.779	1.91185e-05
5.78	1.90803e-05
5.781	1.90422e-05
5.782	1.90042e-05
5.783	1.89662e-05
5.784	1.89283e-05
5.785	1.88905e-05
5.786	1.88527e-05
5.787	1.88151e-05
5.788	1.87775e-05
5.789	1.874e-05
5.79	1.87025e-05
5.791	1.86651e-05
5.792	1.86278e-05
5.793	1.85906e-05
5.794	1.85535e-05
5.795	1.85164e-05
5.796	1.84794e-05
5.797	1.84425e-05
5.798	1.84057e-05
5.799	1.83689e-05
5.8	1.83322e-05
5.801	1.82955e-05
5.802	1.8259e-05
5.803	1.82225e-05
5.804	1.81861e-05
5.805	1.81498e-05
5.806	1.81135e-05
5.807	1.80773e-05
5.808	1.80412e-05
5.809	1.80051e-05
5.81	1.79692e-05
5.811	1.79333e-05
5.812	1.78974e-05
5.813	1.78617e-05
5.814	1.7826e-05
5.815	1.77904e-05
5.816	1.77548e-05
5.817	1.77194e-05
5.818	1.7684e-05
5.819	1.76486e-05
5.82	1.76134e-05
5.821	1.75782e-05
5.822	1.7543e-05
5.823	1.7508e-05
5.824	1.7473e-05
5.825	1.74381e-05
5.826	1.74033e-05
5.827	1.73685e-05
5.828	1.73338e-05
5.829	1.72992e-05
5.83	1.72646e-05
5.831	1.72301e-05
5.832	1.71957e-05
5.833	1.71613e-05
5.834	1.7127e-05
5.835	1.70928e-05
5.836	1.70587e-05
5.837	1.70246e-05
5.838	1.69906e-05
5.839	1.69566e-05
5.84	1.69227e-05
5.841	1.68889e-05
5.842	1.68552e-05
5.843	1.68215e-05
5.844	1.67879e-05
5.845	1.67543e-05
5.846	1.67209e-05
5.847	1.66875e-05
5.848	1.66541e-05
5.849	1.66208e-05
5.85	1.65876e-05
5.851	1.65545e-05
5.852	1.65214e-05
5.853	1.64884e-05
5.854	1.64555e-05
5.855	1.64226e-05
5.856	1.63898e-05
5.857	1.6357e-05
5.858	1.63243e-05
5.859	1.62917e-05
5.86	1.62592e-05
5.861	1.62267e-05
5.862	1.61943e-05
5.863	1.61619e-05
5.864	1.61296e-05
5.865	1.60974e-05
5.866	1.60652e-05
5.867	1.60331e-05
5.868	1.60011e-05
5.869	1.59691e-05
5.87	1.59372e-05
5.871	1.59054e-05
5.872	1.58736e-05
5.873	1.58419e-05
5.874	1.58102e-05
5.875	1.57786e-05
5.876	1.57471e-05
5.877	1.57157e-05
5.878	1.56843e-05
5.879	1.56529e-05
5.88	1.56216e-05
5.881	1.55904e-05
5.882	1.55593e-05
5.883	1.55282e-05
5.884	1.54972e-05
5.885	1.54662e-05
5.886	1.54353e-05
5.887	1.54045e-05
5.888	1.53737e-05
5.889	1.5343e-05
5.89	1.53123e-05
5.891	1.52817e-05
5.892	1.52512e-05
5.893	1.52207e-05
5.894	1.51903e-05
5.895	1.516e-05
5.896	1.51297e-05
5.897	1.50994e-05
5.898	1.50693e-05
5.899	1.50392e-05
5.9	1.50091e-05
5.901	1.49791e-05
5.902	1.49492e-05
5.903	1.49193e-05
5.904	1.48895e-05
5.905	1.48598e-05
5.906	1.48301e-05
5.907	1.48005e-05
5.908	1.47709e-05
5.909	1.47414e-05
5.91	1.47119e-05
5.911	1.46825e-05
5.912	1.46532e-05
5.913	1.46239e-05
5.914	1.45947e-05
5.915	1.45655e-05
5.916	1.45364e-05
5.917	1.45074e-05
5.918	1.44784e-05
5.919	1.44495e-05
5.92	1.44206e-05
5.921	1.43918e-05
5.922	1.4363e-05
5.923	1.43343e-05
5.924	1.43057e-05
5.925	1.42771e-05
5.926	1.42486e-05
5.927	1.42201e-05
5.928	1.41917e-05
5.929	1.41634e-05
5.93	1.41351e-05
5.931	1.41068e-05
5.932	1.40786e-05
5.933	1.40505e-05
5.934	1.40224e-05
5.935	1.39944e-05
5.936	1.39664e-05
5.937	1.39385e-05
5.938	1.39107e-05
5.939	1.38829e-05
5.94	1.38552e-05
5.941	1.38275e-05
5.942	1.37999e-05
5.943	1.37723e-05
5.944	1.37448e-05
5.945	1.37173e-05
5.946	1.36899e-05
5.947	1.36625e-05
5.948	1.36352e-05
5.949	1.3608e-05
5.95	1.35808e-05
5.951	1.35537e-05
5.952	1.35266e-05
5.953	1.34996e-05
5.954	1.34726e-05
5.955	1.34457e-05
5.956	1.34188e-05
5.957	1.3392e-05
5.958	1.33652e-05
5.959	1.33385e-05
5.96	1.33119e-05
5.961	1.32853e-05
5.962	1.32588e-05
5.963	1.32323e-05
5.964	1.32058e-05
5.965	1.31794e-05
5.966	1.31531e-05
5.967	1.31268e-05
5.968	1.31006e-05
5.969	1.30744e-05
5.97	1.30483e-05
5.971	1.30222e-05
5.972	1.29962e-05
5.973	1.29702e-05
5.974	1.29443e-05
5.975	1.29185e-05
5.976	1.28927e-05
5.977	1.28669e-05
5.978	1.28412e-05
5.979	1.28155e-05
5.98	1.27899e-05
5.981	1.27644e-05
5.982	1.27389e-05
5.983	1.27134e-05
5.984	1.2688e-05
5.985	1.26627e-05
5.986	1.26374e-05
5.987	1.26121e-05
5.988	1.25869e-05
5.989	1.25618e-05
5.99	1.25367e-05
5.991	1.25116e-05
5.992	1.24866e-05
5.993	1.24617e-05
5.994	1.24368e-05
5.995	1.24119e-05
5.996	1.23871e-05
5.997	1.23624e-05
5.998	1.23377e-05
5.999	1.2313e-05
6	1.22884e-05
