time	V(salida)
0.000000000000000e+000	3.958178e-003
1.217084867727135e-005	3.915758e-003
2.434169735454269e-005	3.822015e-003
3.651254603181404e-005	3.676949e-003
4.868339470908538e-005	3.480559e-003
6.085424338635673e-005	3.232846e-003
7.302509206362807e-005	2.933810e-003
8.519594074089939e-005	2.583451e-003
9.252015949089940e-005	2.354970e-003
9.984437824089941e-005	2.117256e-003
1.071685969908994e-004	1.870309e-003
1.144928157408994e-004	1.614128e-003
1.218170344908994e-004	1.348715e-003
1.291412532408994e-004	1.074068e-003
1.364654719908994e-004	7.901876e-004
1.420458291337566e-004	5.719559e-004
1.476261862766138e-004	3.536444e-004
1.532065434194709e-004	1.352532e-004
1.587869005623280e-004	-8.321772e-005
1.643672577051852e-004	-3.017684e-004
1.699476148480423e-004	-5.203987e-004
1.755279719908995e-004	-7.391088e-004
1.825034184194709e-004	-1.010130e-003
1.894788648480423e-004	-1.273204e-003
1.964543112766138e-004	-1.528333e-003
2.034297577051852e-004	-1.775515e-003
2.104052041337567e-004	-2.014751e-003
2.173806505623281e-004	-2.246041e-003
2.243560969908995e-004	-2.469384e-003
2.358655835980424e-004	-2.814114e-003
2.473750702051852e-004	-3.113754e-003
2.588845568123281e-004	-3.368303e-003
2.703940434194710e-004	-3.577760e-003
2.819035300266138e-004	-3.742127e-003
2.934130166337567e-004	-3.861403e-003
3.049225032408995e-004	-3.935588e-003
3.178270791337567e-004	-3.944019e-003
3.307316550266139e-004	-3.892360e-003
3.436362309194710e-004	-3.780609e-003
3.565408068123282e-004	-3.608767e-003
3.694453827051853e-004	-3.376834e-003
3.823499585980425e-004	-3.084809e-003
3.952545344908996e-004	-2.732694e-003
4.025787532408996e-004	-2.513834e-003
4.099029719908996e-004	-2.284793e-003
4.172271907408996e-004	-2.045573e-003
4.245514094908996e-004	-1.796172e-003
4.318756282408997e-004	-1.536592e-003
4.391998469908997e-004	-1.266831e-003
4.465240657408997e-004	-9.868902e-004
4.510581059194711e-004	-8.120670e-004
4.555921460980425e-004	-6.364867e-004
4.601261862766140e-004	-4.601495e-004
4.646602264551854e-004	-2.830553e-004
4.691942666337568e-004	-1.052040e-004
4.737283068123283e-004	7.340426e-005
4.782623469908997e-004	2.527695e-004
4.841914764551853e-004	4.872744e-004
4.901206059194709e-004	7.181004e-004
4.960497353837565e-004	9.452477e-004
5.019788648480422e-004	1.168716e-003
5.079079943123278e-004	1.388506e-003
5.138371237766134e-004	1.604616e-003
5.197662532408990e-004	1.817048e-003
5.291831059194703e-004	2.143880e-003
5.385999585980415e-004	2.445839e-003
5.480168112766128e-004	2.722925e-003
5.574336639551840e-004	2.975138e-003
5.668505166337551e-004	3.202478e-003
5.762673693123264e-004	3.404945e-003
5.856842219908976e-004	3.582538e-003
6.020765210980402e-004	3.803762e-003
6.184688202051827e-004	3.923664e-003
6.348611193123251e-004	3.942243e-003
6.512534184194677e-004	3.859500e-003
6.676457175266102e-004	3.675434e-003
6.840380166337526e-004	3.390047e-003
7.004303157408952e-004	3.003336e-003
7.084520791337521e-004	2.784438e-003
7.164738425266092e-004	2.551728e-003
7.244956059194661e-004	2.305205e-003
7.325173693123230e-004	2.044870e-003
7.405391327051801e-004	1.770723e-003
7.485608960980370e-004	1.482763e-003
7.565826594908940e-004	1.180991e-003
7.611166996694653e-004	1.008490e-003
7.656507398480367e-004	8.348235e-004
7.701847800266080e-004	6.599914e-004
7.747188202051793e-004	4.839939e-004
7.792528603837506e-004	3.068310e-004
7.837869005623220e-004	1.285027e-004
7.883209407408933e-004	-5.099100e-005
7.939012978837503e-004	-2.722804e-004
7.994816550266074e-004	-4.910583e-004
8.050620121694644e-004	-7.073249e-004
8.106423693123214e-004	-9.210801e-004
8.162227264551785e-004	-1.132324e-003
8.218030835980355e-004	-1.341056e-003
8.273834407408925e-004	-1.547277e-003
8.361027487766066e-004	-1.862168e-003
8.448220568123207e-004	-2.157849e-003
8.535413648480348e-004	-2.434323e-003
8.622606728837488e-004	-2.691588e-003
8.709799809194630e-004	-2.929644e-003
8.796992889551771e-004	-3.148492e-003
8.884185969908912e-004	-3.348131e-003
9.065547577051766e-004	-3.671632e-003
9.246909184194619e-004	-3.871167e-003
9.428270791337472e-004	-3.946736e-003
9.609632398480326e-004	-3.898340e-003
9.790994005623179e-004	-3.725977e-003
9.972355612766033e-004	-3.429649e-003
1.015371721990889e-003	-3.009355e-003
1.023393485383746e-003	-2.791041e-003
1.031415248776603e-003	-2.558864e-003
1.039437012169460e-003	-2.312826e-003
1.047458775562317e-003	-2.052925e-003
1.055480538955174e-003	-1.779163e-003
1.063502302348031e-003	-1.491538e-003
1.071524065740888e-003	-1.190051e-003
1.076406878240887e-003	-1.004176e-003
1.081289690740887e-003	-8.170404e-004
1.086172503240887e-003	-6.286438e-004
1.091055315740887e-003	-4.389862e-004
1.095938128240887e-003	-2.480676e-004
1.100820940740887e-003	-5.588815e-005
1.105703753240887e-003	1.375523e-004
1.111284110383744e-003	3.585709e-004
1.116864467526601e-003	5.768176e-004
1.122444824669458e-003	7.922926e-004
1.128025181812315e-003	1.004996e-003
1.133605538955172e-003	1.214927e-003
1.139185896098029e-003	1.422087e-003
1.144766253240886e-003	1.626474e-003
1.153834333598029e-003	1.950478e-003
1.162902413955171e-003	2.252905e-003
1.171970494312314e-003	2.533756e-003
1.181038574669457e-003	2.793030e-003
1.190106655026599e-003	3.030728e-003
1.199174735383742e-003	3.246850e-003
1.208242815740885e-003	3.441396e-003
1.225681431812313e-003	3.724719e-003
1.243120047883741e-003	3.893312e-003
1.260558663955169e-003	3.947178e-003
1.277997280026597e-003	3.886315e-003
1.295435896098026e-003	3.710723e-003
1.312874512169454e-003	3.420403e-003
1.330313128240882e-003	3.015355e-003
1.338334891633739e-003	2.797626e-003
1.346356655026596e-003	2.565985e-003
1.354378418419453e-003	2.320432e-003
1.362400181812310e-003	2.060967e-003
1.370421945205167e-003	1.787591e-003
1.378443708598024e-003	1.500302e-003
1.386465471990881e-003	1.199102e-003
1.391348284490881e-003	1.013370e-003
1.396231096990881e-003	8.263551e-004
1.401113909490880e-003	6.380567e-004
1.405996721990880e-003	4.484749e-004
1.410879534490880e-003	2.576099e-004
1.415762346990880e-003	6.546158e-005
1.420645159490880e-003	-1.279700e-004
1.426225516633737e-003	-3.490074e-004
1.431805873776594e-003	-5.673020e-004
1.437386230919451e-003	-7.828537e-004
1.442966588062308e-003	-9.956625e-004
1.448546945205165e-003	-1.205728e-003
1.454127302348022e-003	-1.413052e-003
1.459707659490879e-003	-1.617632e-003
1.468775739848022e-003	-1.942015e-003
1.477843820205165e-003	-2.244881e-003
1.486911900562307e-003	-2.526230e-003
1.495979980919450e-003	-2.786061e-003
1.505048061276593e-003	-3.024374e-003
1.514116141633735e-003	-3.241170e-003
1.523184221990878e-003	-3.436449e-003
1.540622838062306e-003	-3.721387e-003
1.558061454133734e-003	-3.891579e-003
1.575500070205163e-003	-3.947025e-003
1.592938686276591e-003	-3.887723e-003
1.610377302348019e-003	-3.713674e-003
1.627815918419447e-003	-3.424879e-003
1.645254534490875e-003	-3.021337e-003
1.653276297883732e-003	-2.804193e-003
1.661298061276589e-003	-2.573089e-003
1.669319824669446e-003	-2.328023e-003
1.677341588062303e-003	-2.068996e-003
1.685363351455160e-003	-1.796007e-003
1.693385114848017e-003	-1.509057e-003
1.701406878240874e-003	-1.208145e-003
1.706289690740874e-003	-1.022557e-003
1.711172503240874e-003	-8.356637e-004
1.716055315740874e-003	-6.474645e-004
1.720938128240874e-003	-4.579597e-004
1.725820940740874e-003	-2.671494e-004
1.730703753240873e-003	-7.503336e-005
1.735586565740873e-003	1.183882e-004
1.741166922883730e-003	3.394432e-004
1.746747280026587e-003	5.577842e-004
1.752327637169444e-003	7.734114e-004
1.757907994312302e-003	9.863246e-004
1.763488351455159e-003	1.196524e-003
1.769068708598016e-003	1.404009e-003
1.774649065740873e-003	1.608781e-003
1.783717146098015e-003	1.933543e-003
1.792785226455158e-003	2.236846e-003
1.801853306812301e-003	2.518690e-003
1.810921387169443e-003	2.779076e-003
1.819989467526586e-003	3.018003e-003
1.829057547883728e-003	3.235472e-003
1.838125628240871e-003	3.431481e-003
1.855564244312299e-003	3.718035e-003
1.873002860383728e-003	3.889824e-003
1.890441476455156e-003	3.946848e-003
1.907880092526584e-003	3.889108e-003
1.925318708598012e-003	3.716603e-003
1.942757324669441e-003	3.429333e-003
1.960195940740869e-003	3.027299e-003
1.968217704133726e-003	2.810744e-003
1.976239467526582e-003	2.580177e-003
1.984261230919440e-003	2.335599e-003
1.992282994312296e-003	2.077011e-003
2.000304757705154e-003	1.804411e-003
2.008326521098010e-003	1.517801e-003
2.016348284490867e-003	1.217180e-003
2.021231096990867e-003	1.031737e-003
2.026113909490867e-003	8.449662e-004
2.030996721990867e-003	6.568673e-004
2.035879534490867e-003	4.674406e-004
2.040762346990867e-003	2.766859e-004
2.045645159490867e-003	8.460339e-005
2.050527971990867e-003	-1.088071e-004
2.056108329133724e-003	-3.298782e-004
2.061688686276581e-003	-5.482645e-004
2.067269043419438e-003	-7.639658e-004
2.072849400562295e-003	-9.769822e-004
2.078429757705152e-003	-1.187314e-003
2.084010114848009e-003	-1.394960e-003
2.089590471990866e-003	-1.599922e-003
2.098658552348008e-003	-1.925060e-003
2.107726632705151e-003	-2.228799e-003
2.116794713062294e-003	-2.511137e-003
2.125862793419437e-003	-2.772076e-003
2.134930873776579e-003	-3.011615e-003
2.143998954133722e-003	-3.229755e-003
2.153067034490864e-003	-3.426494e-003
2.170505650562293e-003	-3.714660e-003
2.187944266633721e-003	-3.888045e-003
2.205382882705149e-003	-3.946648e-003
2.222821498776577e-003	-3.890469e-003
2.240260114848005e-003	-3.719509e-003
2.257698730919434e-003	-3.433767e-003
2.275137346990862e-003	-3.033244e-003
2.283159110383719e-003	-2.817277e-003
2.291180873776576e-003	-2.587249e-003
2.299202637169433e-003	-2.343161e-003
2.307224400562290e-003	-2.085013e-003
2.315246163955147e-003	-1.812804e-003
2.323267927348004e-003	-1.526536e-003
2.331289690740861e-003	-1.226207e-003
2.336172503240861e-003	-1.040910e-003
2.341055315740860e-003	-8.542624e-004
2.345938128240860e-003	-6.662651e-004
2.350820940740860e-003	-4.769175e-004
2.355703753240860e-003	-2.862197e-004
2.360586565740860e-003	-9.417170e-005
2.365469378240860e-003	9.922652e-005
2.371049735383717e-003	3.203126e-004
2.376630092526574e-003	5.387428e-004
2.382210449669431e-003	7.545170e-004
2.387790806812288e-003	9.676353e-004
2.393371163955145e-003	1.178098e-003
2.398951521098002e-003	1.385904e-003
2.404531878240859e-003	1.591054e-003
2.413251186276573e-003	1.903960e-003
2.421970494312287e-003	2.197390e-003
2.430689802348001e-003	2.471345e-003
2.439409110383716e-003	2.725824e-003
2.448128418419430e-003	2.960827e-003
2.456847726455144e-003	3.176355e-003
2.465567034490858e-003	3.372408e-003
2.468357213062286e-003	3.428429e-003
2.471147391633715e-003	3.481703e-003
2.473937570205143e-003	3.532227e-003
2.476727748776572e-003	3.580004e-003
2.479517927348000e-003	3.625032e-003
2.482308105919429e-003	3.667312e-003
2.485098284490857e-003	3.706843e-003
2.487539690740857e-003	3.739004e-003
2.497305315740857e-003	3.845509e-003
2.499000000000000e-003	3.860673e-003
