time	V(n002)	V(n002)-V(n003)	V(n003)
0.000000000000000e+000	1.000000e+000	1.000000e+000	0.000000e+000
9.999999717180685e-010	1.000000e+000	1.000000e+000	3.000000e-009
1.999999943436137e-009	1.000000e+000	1.000000e+000	6.000000e-009
4.793491864430790e-003	1.028670e+000	1.014363e+000	1.430736e-002
9.586981728861636e-003	1.057217e+000	1.028699e+000	2.851761e-002
1.438047159329248e-002	1.085641e+000	1.043010e+000	4.263073e-002
1.917396145772333e-002	1.113942e+000	1.057295e+000	5.664674e-002
2.396745132215417e-002	1.142120e+000	1.071554e+000	7.056563e-002
2.876094118658502e-002	1.170175e+000	1.085788e+000	8.438740e-002
3.355443105101585e-002	1.198107e+000	1.099995e+000	9.811206e-002
5.196220050564359e-002	1.304542e+000	1.154366e+000	1.501764e-001
7.036996996027133e-002	1.409287e+000	1.208354e+000	2.009328e-001
8.877773941489905e-002	1.512290e+000	1.261933e+000	2.503577e-001
1.255932783241545e-001	1.713027e+000	1.367789e+000	3.452384e-001
1.624088172334100e-001	1.906661e+000	1.471792e+000	4.348691e-001
1.992243561426655e-001	2.093102e+000	1.573800e+000	5.193013e-001
2.544476645065487e-001	2.359088e+000	1.722771e+000	6.363168e-001
3.096709728704319e-001	2.608423e+000	1.866490e+000	7.419335e-001
3.648942812343152e-001	2.840856e+000	2.004518e+000	8.363375e-001
4.201175895981984e-001	3.056157e+000	2.136435e+000	9.197221e-001
4.779705793127427e-001	3.263367e+000	2.268568e+000	9.947994e-001
5.358235690272871e-001	3.451071e+000	2.392160e+000	1.058911e+000
5.936765587418315e-001	3.619269e+000	2.507213e+000	1.112056e+000
6.515295484563758e-001	3.767961e+000	2.613727e+000	1.154234e+000
7.093825381709201e-001	3.897147e+000	2.711700e+000	1.185447e+000
7.672355278854646e-001	4.006827e+000	2.801133e+000	1.205693e+000
8.250885176000087e-001	4.097001e+000	2.882027e+000	1.214974e+000
8.434962870546364e-001	4.121534e+000	2.905481e+000	1.216053e+000
8.619040565092642e-001	4.144087e+000	2.927951e+000	1.216137e+000
8.803118259638919e-001	4.164664e+000	2.949428e+000	1.215236e+000
9.171273648731474e-001	4.199903e+000	2.989378e+000	1.210525e+000
9.539429037824029e-001	4.227282e+000	3.025276e+000	1.202005e+000
1.009166212146286e+000	4.253708e+000	3.071423e+000	1.182285e+000
1.045981751055541e+000	4.261638e+000	3.096993e+000	1.164645e+000
1.064389520510169e+000	4.262719e+000	3.108207e+000	1.154512e+000
1.082797289964797e+000	4.261888e+000	3.118366e+000	1.143521e+000
1.119612828874052e+000	4.254526e+000	3.135513e+000	1.119012e+000
1.138020598328680e+000	4.248013e+000	3.142494e+000	1.105519e+000
1.193243906692562e+000	4.217278e+000	3.157041e+000	1.060237e+000
1.248467215056445e+000	4.169987e+000	3.161963e+000	1.008023e+000
1.274764028563056e+000	4.141632e+000	3.160907e+000	9.807253e-001
1.301060842069667e+000	4.109752e+000	3.157675e+000	9.520769e-001
1.327357655576278e+000	4.074346e+000	3.152268e+000	9.220782e-001
1.353654469082889e+000	4.035414e+000	3.144685e+000	8.907291e-001
1.379951282589500e+000	3.992956e+000	3.134926e+000	8.580297e-001
1.406248096096111e+000	3.946972e+000	3.122992e+000	8.239798e-001
1.432544909602722e+000	3.897461e+000	3.108882e+000	7.885796e-001
1.453582360408010e+000	3.855456e+000	3.096039e+000	7.594162e-001
1.474619811213299e+000	3.811402e+000	3.081844e+000	7.295578e-001
1.495657262018588e+000	3.765301e+000	3.066296e+000	6.990046e-001
1.516694712823877e+000	3.717152e+000	3.049396e+000	6.677564e-001
1.537732163629165e+000	3.666956e+000	3.031143e+000	6.358132e-001
1.558769614434454e+000	3.614712e+000	3.011537e+000	6.031752e-001
1.579807065239743e+000	3.560420e+000	2.990578e+000	5.698422e-001
1.613992922798337e+000	3.467814e+000	2.953600e+000	5.142138e-001
1.648178780356931e+000	3.370600e+000	2.913300e+000	4.572996e-001
1.682364637915525e+000	3.268778e+000	2.869678e+000	3.990996e-001
1.716550495474119e+000	3.162348e+000	2.822734e+000	3.396139e-001
1.750736353032714e+000	3.051310e+000	2.772468e+000	2.788425e-001
1.784922210591308e+000	2.935664e+000	2.718879e+000	2.167853e-001
1.819108068149902e+000	2.815410e+000	2.661968e+000	1.534423e-001
1.855923607059157e+000	2.681803e+000	2.597355e+000	8.444812e-002
1.892739145968412e+000	2.543715e+000	2.529223e+000	1.449204e-002
1.911146915423040e+000	2.473058e+000	2.493865e+000	-2.080752e-002
1.947962454332295e+000	2.328656e+000	2.420627e+000	-9.197126e-002
1.987407674592212e+000	2.168850e+000	2.338166e+000	-1.693155e-001
2.026852894852129e+000	2.005548e+000	2.252416e+000	-2.468680e-001
2.066298115112046e+000	1.838749e+000	2.163377e+000	-3.246286e-001
2.105743335371963e+000	1.668452e+000	2.071050e+000	-4.025975e-001
2.145188555631879e+000	1.494659e+000	1.975433e+000	-4.807746e-001
2.184633775891796e+000	1.317368e+000	1.876528e+000	-5.591599e-001
2.224078996151713e+000	1.136581e+000	1.774334e+000	-6.377534e-001
2.255635172359646e+000	9.903720e-001	1.690658e+000	-7.002861e-001
2.287191348567580e+000	8.431604e-001	1.605515e+000	-7.623546e-001
2.318747524775513e+000	6.949460e-001	1.518905e+000	-8.239588e-001
2.350303700983447e+000	5.457286e-001	1.430828e+000	-8.850989e-001
2.381859877191380e+000	3.955083e-001	1.341283e+000	-9.457748e-001
2.413416053399314e+000	2.442851e-001	1.250272e+000	-1.005987e+000
2.444972229607247e+000	9.205902e-002	1.157793e+000	-1.065734e+000
2.463379999061875e+000	3.283300e-003	1.103438e+000	-1.100155e+000
2.489676812568486e+000	-1.239674e-001	1.025006e+000	-1.148973e+000
2.515973626075097e+000	-2.511276e-001	9.460021e-001	-1.197130e+000
2.542270439581709e+000	-3.781975e-001	8.664276e-001	-1.244625e+000
2.568567253088320e+000	-5.051770e-001	7.862822e-001	-1.291459e+000
2.594864066594931e+000	-6.320660e-001	7.055657e-001	-1.337632e+000
2.621160880101542e+000	-7.588647e-001	6.242783e-001	-1.383143e+000
2.647457693608153e+000	-8.855730e-001	5.424198e-001	-1.427993e+000
2.707940364673359e+000	-1.177403e+000	3.513916e-001	-1.528795e+000
2.768423035738565e+000	-1.463221e+000	1.608160e-001	-1.624037e+000
2.828905706803771e+000	-1.743027e+000	-2.930715e-002	-1.713720e+000
2.889388377868976e+000	-2.016822e+000	-2.189778e-001	-1.797844e+000
2.949871048934182e+000	-2.284604e+000	-4.081959e-001	-1.876408e+000
3.010353719999388e+000	-2.546375e+000	-5.969616e-001	-1.949413e+000
3.070836391064594e+000	-2.802133e+000	-7.852747e-001	-2.016859e+000
3.126059699428478e+000	-3.026515e+000	-9.543463e-001	-2.072168e+000
3.181283007792361e+000	-3.240597e+000	-1.119288e+000	-2.121309e+000
3.236506316156245e+000	-3.444382e+000	-1.280100e+000	-2.164282e+000
3.291729624520128e+000	-3.637868e+000	-1.436782e+000	-2.201086e+000
3.346952932884012e+000	-3.821056e+000	-1.589335e+000	-2.231721e+000
3.402176241247895e+000	-3.993945e+000	-1.737758e+000	-2.256187e+000
3.457399549611779e+000	-4.156536e+000	-1.882051e+000	-2.274484e+000
3.475807319066407e+000	-4.207565e+000	-1.928538e+000	-2.279027e+000
3.494215088521035e+000	-4.257169e+000	-1.974333e+000	-2.282836e+000
3.512622857975662e+000	-4.305346e+000	-2.019437e+000	-2.285909e+000
3.531030627430290e+000	-4.352098e+000	-2.063849e+000	-2.288249e+000
3.549438396884918e+000	-4.397423e+000	-2.107570e+000	-2.289853e+000
3.567846166339546e+000	-4.441322e+000	-2.150599e+000	-2.290723e+000
3.586253935794174e+000	-4.483794e+000	-2.192936e+000	-2.290858e+000
3.617810112002107e+000	-4.553231e+000	-2.263875e+000	-2.289356e+000
3.649366288210041e+000	-4.618085e+000	-2.332397e+000	-2.285688e+000
3.680922464417974e+000	-4.678356e+000	-2.398501e+000	-2.279855e+000
3.712478640625908e+000	-4.734044e+000	-2.462187e+000	-2.271857e+000
3.744034816833841e+000	-4.785150e+000	-2.523456e+000	-2.261694e+000
3.775590993041775e+000	-4.831672e+000	-2.582307e+000	-2.249365e+000
3.807147169249708e+000	-4.873612e+000	-2.638741e+000	-2.234872e+000
3.841333026808303e+000	-4.913599e+000	-2.696886e+000	-2.216712e+000
3.875518884366897e+000	-4.947856e+000	-2.751732e+000	-2.196123e+000
3.909704741925492e+000	-4.976383e+000	-2.803278e+000	-2.173105e+000
3.943890599484087e+000	-4.999180e+000	-2.851523e+000	-2.147657e+000
3.978076457042681e+000	-5.016247e+000	-2.896468e+000	-2.119779e+000
4.012262314601276e+000	-5.027584e+000	-2.938112e+000	-2.089472e+000
4.046448172159870e+000	-5.033192e+000	-2.976457e+000	-2.056735e+000
4.138487019433010e+000	-5.019277e+000	-3.061923e+000	-1.957354e+000
4.267341405615404e+000	-4.929406e+000	-3.137910e+000	-1.791496e+000
4.285749175070032e+000	-4.909903e+000	-3.144540e+000	-1.765363e+000
4.304156944524660e+000	-4.888774e+000	-3.150101e+000	-1.738673e+000
4.322564713979288e+000	-4.866019e+000	-3.154593e+000	-1.711426e+000
4.340972483433916e+000	-4.841637e+000	-3.158016e+000	-1.683621e+000
4.359380252888544e+000	-4.815629e+000	-3.160369e+000	-1.655260e+000
4.377788022343172e+000	-4.787994e+000	-3.161654e+000	-1.626341e+000
4.396195791797799e+000	-4.758734e+000	-3.161869e+000	-1.596865e+000
4.427751968005733e+000	-4.704741e+000	-3.159716e+000	-1.545025e+000
4.459308144213666e+000	-4.646267e+000	-3.154439e+000	-1.491828e+000
4.490864320421600e+000	-4.583311e+000	-3.146039e+000	-1.437272e+000
4.522420496629533e+000	-4.515873e+000	-3.134514e+000	-1.381358e+000
4.553976672837467e+000	-4.443953e+000	-3.119866e+000	-1.324087e+000
4.585532849045400e+000	-4.367552e+000	-3.102094e+000	-1.265457e+000
4.617089025253334e+000	-4.286668e+000	-3.081198e+000	-1.205470e+000
4.709127872526473e+000	-4.027407e+000	-3.002912e+000	-1.024495e+000
4.735424686033084e+000	-3.946875e+000	-2.975785e+000	-9.710896e-001
4.761721499539696e+000	-3.863785e+000	-2.946655e+000	-9.171302e-001
4.788018313046306e+000	-3.778138e+000	-2.915522e+000	-8.626165e-001
4.814315126552918e+000	-3.689934e+000	-2.882385e+000	-8.075484e-001
4.840611940059529e+000	-3.599172e+000	-2.847245e+000	-7.519261e-001
4.866908753566141e+000	-3.505852e+000	-2.810102e+000	-6.957494e-001
4.893205567072751e+000	-3.409975e+000	-2.770956e+000	-6.390184e-001
4.930021105982007e+000	-3.271549e+000	-2.712794e+000	-5.587553e-001
4.966836644891263e+000	-3.129223e+000	-2.651178e+000	-4.780460e-001
5.003652183800519e+000	-2.982998e+000	-2.586107e+000	-3.968904e-001
5.040467722709774e+000	-2.832872e+000	-2.517583e+000	-3.152886e-001
5.077283261619030e+000	-2.678846e+000	-2.445606e+000	-2.332406e-001
5.114098800528286e+000	-2.520920e+000	-2.370174e+000	-1.507465e-001
5.150914339437541e+000	-2.359094e+000	-2.291288e+000	-6.780604e-002
5.169322108892169e+000	-2.277166e+000	-2.250757e+000	-2.640874e-002
5.187729878346797e+000	-2.194544e+000	-2.209499e+000	1.495514e-002
5.206137647801425e+000	-2.111228e+000	-2.167514e+000	5.628560e-002
5.224545417256053e+000	-2.027219e+000	-2.124802e+000	9.758263e-002
5.242953186710681e+000	-1.942517e+000	-2.081363e+000	1.388462e-001
5.261360956165309e+000	-1.857121e+000	-2.037197e+000	1.800764e-001
5.279768725619936e+000	-1.771031e+000	-1.992304e+000	2.212732e-001
5.324473308581175e+000	-1.558632e+000	-1.879985e+000	3.213524e-001
5.369177891542415e+000	-1.344237e+000	-1.764504e+000	4.202673e-001
5.413882474503653e+000	-1.127844e+000	-1.645862e+000	5.180180e-001
5.458587057464893e+000	-9.094555e-001	-1.524060e+000	6.146044e-001
5.503291640426132e+000	-6.890697e-001	-1.399096e+000	7.100265e-001
5.547996223387371e+000	-4.666873e-001	-1.270972e+000	8.042844e-001
5.592700806348610e+000	-2.423081e-001	-1.139686e+000	8.973780e-001
5.613738257153899e+000	-1.369323e-001	-1.077321e+000	9.403886e-001
5.634775707959188e+000	-3.161836e-002	-1.014549e+000	9.829303e-001
5.655813158764476e+000	7.363357e-002	-9.513697e-001	1.025003e+000
5.676850609569766e+000	1.788235e-001	-8.877839e-001	1.066607e+000
5.697888060375055e+000	2.839515e-001	-8.237914e-001	1.107743e+000
5.718925511180344e+000	3.890176e-001	-7.593920e-001	1.148410e+000
5.739962961985633e+000	4.940217e-001	-6.945858e-001	1.188607e+000
5.792556588998855e+000	7.569101e-001	-5.303198e-001	1.287230e+000
5.845150216012078e+000	1.015917e+000	-3.657279e-001	1.381645e+000
5.897743843025300e+000	1.271042e+000	-2.008099e-001	1.471851e+000
5.950337470038523e+000	1.522285e+000	-3.556593e-002	1.557850e+000
6.002931097051745e+000	1.769646e+000	1.300041e-001	1.639642e+000
6.055524724064967e+000	2.013125e+000	2.959001e-001	1.717225e+000
6.108118351078190e+000	2.252723e+000	4.621221e-001	1.790601e+000
6.171230703494056e+000	2.532326e+000	6.603528e-001	1.871973e+000
6.234343055909924e+000	2.799307e+000	8.540786e-001	1.945229e+000
6.297455408325790e+000	3.053668e+000	1.043300e+000	2.010368e+000
6.360567760741658e+000	3.295408e+000	1.228016e+000	2.067392e+000
6.423680113157524e+000	3.524527e+000	1.408227e+000	2.116300e+000
6.486792465573392e+000	3.741025e+000	1.583934e+000	2.157091e+000
6.549904817989258e+000	3.944902e+000	1.755136e+000	2.189766e+000
6.576201631495869e+000	4.024395e+000	1.823797e+000	2.200598e+000
6.602498445002481e+000	4.100974e+000	1.891083e+000	2.209892e+000
6.628795258509092e+000	4.174641e+000	1.956994e+000	2.217647e+000
6.655092072015703e+000	4.245395e+000	2.021531e+000	2.223864e+000
6.681388885522314e+000	4.313236e+000	2.084693e+000	2.228543e+000
6.707685699028926e+000	4.378164e+000	2.146480e+000	2.231683e+000
6.733982512535537e+000	4.440179e+000	2.206893e+000	2.233286e+000
6.749760600639504e+000	4.475864e+000	2.242366e+000	2.233498e+000
6.765538688743471e+000	4.510413e+000	2.277259e+000	2.233154e+000
6.781316776847437e+000	4.543826e+000	2.311572e+000	2.232253e+000
6.797094864951403e+000	4.576103e+000	2.345307e+000	2.230796e+000
6.812872953055370e+000	4.607244e+000	2.378461e+000	2.228782e+000
6.828651041159337e+000	4.637248e+000	2.411036e+000	2.226212e+000
6.844429129263304e+000	4.666117e+000	2.443032e+000	2.223085e+000
6.889133712224543e+000	4.741773e+000	2.530668e+000	2.211105e+000
6.933838295185782e+000	4.807676e+000	2.612869e+000	2.194807e+000
6.978542878147021e+000	4.863824e+000	2.689634e+000	2.174190e+000
7.023247461108261e+000	4.910219e+000	2.760965e+000	2.149254e+000
7.067952044069499e+000	4.946860e+000	2.826860e+000	2.120000e+000
7.112656627030739e+000	4.973748e+000	2.887320e+000	2.086427e+000
7.157361209991977e+000	4.990881e+000	2.942345e+000	2.048536e+000
7.212584518355861e+000	4.998009e+000	3.001763e+000	1.996246e+000
7.230992287810489e+000	4.996992e+000	3.019556e+000	1.977435e+000
7.249400057265117e+000	4.994284e+000	3.036313e+000	1.957971e+000
7.267807826719745e+000	4.989887e+000	3.052034e+000	1.937853e+000
7.286215596174372e+000	4.983799e+000	3.066718e+000	1.917081e+000
7.304623365629000e+000	4.976022e+000	3.080366e+000	1.895655e+000
7.323031135083628e+000	4.966554e+000	3.092978e+000	1.873576e+000
7.341438904538256e+000	4.955396e+000	3.104553e+000	1.850842e+000
7.367735718044867e+000	4.936503e+000	3.119263e+000	1.817241e+000
7.394032531551479e+000	4.914241e+000	3.131798e+000	1.782443e+000
7.420329345058089e+000	4.888609e+000	3.142159e+000	1.746450e+000
7.446626158564701e+000	4.859608e+000	3.150346e+000	1.709262e+000
7.472922972071312e+000	4.827236e+000	3.156359e+000	1.670877e+000
7.499219785577924e+000	4.791495e+000	3.160198e+000	1.631298e+000
7.525516599084535e+000	4.752384e+000	3.161862e+000	1.590522e+000
7.549183731240484e+000	4.714358e+000	3.161473e+000	1.552885e+000
7.572850863396435e+000	4.673751e+000	3.159319e+000	1.514432e+000
7.596517995552385e+000	4.630563e+000	3.155400e+000	1.475163e+000
7.620185127708335e+000	4.584795e+000	3.149716e+000	1.435079e+000
7.643852259864285e+000	4.536446e+000	3.142268e+000	1.394179e+000
7.667519392020235e+000	4.485517e+000	3.133054e+000	1.352463e+000
7.691186524176185e+000	4.432007e+000	3.122076e+000	1.309932e+000
7.714853656332135e+000	4.375993e+000	3.109334e+000	1.266659e+000
7.738520788488086e+000	4.317613e+000	3.094874e+000	1.222739e+000
7.762187920644036e+000	4.256866e+000	3.078695e+000	1.178171e+000
7.785855052799986e+000	4.193753e+000	3.060798e+000	1.132955e+000
7.809522184955935e+000	4.128273e+000	3.041182e+000	1.087091e+000
7.833189317111886e+000	4.060427e+000	3.019848e+000	1.040579e+000
7.856856449267836e+000	3.990215e+000	2.996795e+000	9.934201e-001
7.885782944125109e+000	3.901276e+000	2.966297e+000	9.349787e-001
7.914709438982380e+000	3.809271e+000	2.933391e+000	8.758790e-001
7.943635933839653e+000	3.714200e+000	2.898079e+000	8.161212e-001
7.972562428696925e+000	3.616065e+000	2.860360e+000	7.557052e-001
8.001488923554197e+000	3.514864e+000	2.820233e+000	6.946310e-001
8.030415418411470e+000	3.410598e+000	2.777699e+000	6.328985e-001
8.059341913268742e+000	3.303267e+000	2.732759e+000	5.705079e-001
8.093527770827336e+000	3.172703e+000	2.676612e+000	4.960906e-001
8.127713628385932e+000	3.038833e+000	2.617521e+000	4.213120e-001
8.161899485944526e+000	2.901656e+000	2.555484e+000	3.461721e-001
8.196085343503121e+000	2.761173e+000	2.490503e+000	2.706709e-001
8.230271201061715e+000	2.617384e+000	2.422576e+000	1.948084e-001
8.264457058620311e+000	2.470289e+000	2.351705e+000	1.185845e-001
8.298642916178904e+000	2.319887e+000	2.277888e+000	4.199933e-002
8.335458455088160e+000	2.155336e+000	2.195628e+000	-4.029215e-002
8.372273993997416e+000	1.987273e+000	2.110080e+000	-1.228066e-001
8.409089532906672e+000	1.817102e+000	2.021981e+000	-2.048795e-001
8.445905071815927e+000	1.644820e+000	1.931331e+000	-2.865108e-001
8.482720610725183e+000	1.470430e+000	1.838130e+000	-3.677006e-001
8.519536149634439e+000	1.293930e+000	1.742379e+000	-4.484487e-001
8.556351688543694e+000	1.115321e+000	1.644076e+000	-5.287553e-001
8.593167227452950e+000	9.346023e-001	1.543222e+000	-6.086202e-001
8.619464040959562e+000	8.049264e-001	1.469994e+000	-6.650674e-001
8.645760854466172e+000	6.749189e-001	1.395879e+000	-7.209596e-001
8.672057667972783e+000	5.445798e-001	1.320877e+000	-7.762970e-001
8.698354481479395e+000	4.139091e-001	1.244989e+000	-8.310794e-001
8.724651294986007e+000	2.829067e-001	1.168214e+000	-8.853069e-001
8.750948108492617e+000	1.515727e-001	1.090552e+000	-9.389796e-001
8.777244921999229e+000	1.990708e-002	1.012004e+000	-9.920973e-001
8.803541735505840e+000	-1.117729e-001	9.327493e-001	-1.044522e+000
8.829838549012450e+000	-2.431495e-001	8.529882e-001	-1.096138e+000
8.856135362519062e+000	-3.742227e-001	7.727210e-001	-1.146944e+000
8.882432176025674e+000	-5.049925e-001	6.919478e-001	-1.196940e+000
8.908728989532285e+000	-6.354590e-001	6.106685e-001	-1.246127e+000
8.935025803038895e+000	-7.656220e-001	5.288831e-001	-1.294505e+000
8.961322616545507e+000	-8.954816e-001	4.465917e-001	-1.342073e+000
9.024434968961375e+000	-1.206825e+000	2.462992e-001	-1.453124e+000
9.087547321377240e+000	-1.510433e+000	4.699820e-002	-1.557431e+000
9.150659673793108e+000	-1.806306e+000	-1.513112e-001	-1.654995e+000
9.213772026208975e+000	-2.094444e+000	-3.486290e-001	-1.745815e+000
9.276884378624843e+000	-2.374847e+000	-5.449553e-001	-1.829892e+000
9.339996731040708e+000	-2.647516e+000	-7.402899e-001	-1.907226e+000
9.403109083456576e+000	-2.912449e+000	-9.346330e-001	-1.977816e+000
9.455702710469797e+000	-3.123326e+000	-1.093162e+000	-2.030164e+000
9.508296337483021e+000	-3.324258e+000	-1.247632e+000	-2.076626e+000
9.560889964496242e+000	-3.515246e+000	-1.398045e+000	-2.117201e+000
9.613483591509466e+000	-3.696290e+000	-1.544400e+000	-2.151889e+000
9.666077218522688e+000	-3.867389e+000	-1.686698e+000	-2.180691e+000
9.718670845535911e+000	-4.028543e+000	-1.824937e+000	-2.203606e+000
9.771264472549133e+000	-4.179753e+000	-1.959119e+000	-2.220635e+000
9.789672242003761e+000	-4.229577e+000	-2.004507e+000	-2.225070e+000
9.808080011458388e+000	-4.277928e+000	-2.049178e+000	-2.228749e+000
9.826487780913016e+000	-4.324806e+000	-2.093134e+000	-2.231672e+000
9.844895550367644e+000	-4.370212e+000	-2.136373e+000	-2.233839e+000
9.863303319822272e+000	-4.414145e+000	-2.178895e+000	-2.235250e+000
9.881711089276900e+000	-4.456606e+000	-2.220702e+000	-2.235904e+000
9.900118858731528e+000	-4.497594e+000	-2.261791e+000	-2.235802e+000
9.934304716290122e+000	-4.569761e+000	-2.336186e+000	-2.233575e+000
9.968490573848717e+000	-4.636413e+000	-2.407652e+000	-2.228761e+000
1.000267643140731e+001	-4.697550e+000	-2.476190e+000	-2.221360e+000
1.003686228896591e+001	-4.753171e+000	-2.541799e+000	-2.211372e+000
1.007104814652450e+001	-4.803277e+000	-2.604479e+000	-2.198797e+000
1.010523400408310e+001	-4.847867e+000	-2.664231e+000	-2.183636e+000
1.013941986164169e+001	-4.886941e+000	-2.721054e+000	-2.165887e+000
1.016834635649896e+001	-4.915452e+000	-2.766577e+000	-2.148874e+000
1.019727285135624e+001	-4.939809e+000	-2.809701e+000	-2.130107e+000
1.022619934621351e+001	-4.960012e+000	-2.850426e+000	-2.109586e+000
1.025512584107078e+001	-4.976063e+000	-2.888752e+000	-2.087311e+000
1.028405233592805e+001	-4.987961e+000	-2.924680e+000	-2.063281e+000
1.031297883078532e+001	-4.995705e+000	-2.958208e+000	-2.037497e+000
1.034190532564260e+001	-4.999296e+000	-2.989337e+000	-2.009959e+000
1.036031309509722e+001	-4.999381e+000	-3.007810e+000	-1.991571e+000
1.037872086455185e+001	-4.997776e+000	-3.025250e+000	-1.972526e+000
1.039712863400648e+001	-4.994479e+000	-3.041657e+000	-1.952822e+000
1.041553640346111e+001	-4.989491e+000	-3.057031e+000	-1.932460e+000
1.043394417291574e+001	-4.982813e+000	-3.071372e+000	-1.911441e+000
1.045235194237036e+001	-4.974443e+000	-3.084680e+000	-1.889763e+000
1.047075971182499e+001	-4.964383e+000	-3.096955e+000	-1.867428e+000
1.049442684398094e+001	-4.948952e+000	-3.111193e+000	-1.837760e+000
1.051809397613689e+001	-4.930780e+000	-3.123673e+000	-1.807107e+000
1.054176110829284e+001	-4.909865e+000	-3.134396e+000	-1.775469e+000
1.056542824044879e+001	-4.886208e+000	-3.143362e+000	-1.742846e+000
1.058909537260474e+001	-4.859810e+000	-3.150571e+000	-1.709239e+000
1.061276250476069e+001	-4.830669e+000	-3.156022e+000	-1.674647e+000
1.063642963691664e+001	-4.798787e+000	-3.159716e+000	-1.639071e+000
1.067324517582590e+001	-4.743911e+000	-3.161927e+000	-1.581984e+000
1.069954198933251e+001	-4.700685e+000	-3.160872e+000	-1.539814e+000
1.072583880283912e+001	-4.654295e+000	-3.157640e+000	-1.496655e+000
1.075213561634573e+001	-4.604742e+000	-3.152233e+000	-1.452508e+000
1.077843242985234e+001	-4.552024e+000	-3.144651e+000	-1.407373e+000
1.080472924335895e+001	-4.496143e+000	-3.134892e+000	-1.361251e+000
1.083102605686556e+001	-4.437097e+000	-3.122958e+000	-1.314140e+000
1.085732287037218e+001	-4.374888e+000	-3.108848e+000	-1.266041e+000
1.087836032117747e+001	-4.322954e+000	-3.096006e+000	-1.226948e+000
1.089939777198275e+001	-4.269168e+000	-3.081811e+000	-1.187357e+000
1.092043522278804e+001	-4.213530e+000	-3.066263e+000	-1.147267e+000
1.094147267359333e+001	-4.156042e+000	-3.049363e+000	-1.106679e+000
1.096251012439862e+001	-4.096702e+000	-3.031110e+000	-1.065592e+000
1.098354757520391e+001	-4.035511e+000	-3.011504e+000	-1.024007e+000
1.100458502600920e+001	-3.972469e+000	-2.990546e+000	-9.819232e-001
1.103877088356779e+001	-3.866051e+000	-2.953568e+000	-9.124826e-001
1.107295674112639e+001	-3.755453e+000	-2.913269e+000	-8.421841e-001
1.110714259868498e+001	-3.640675e+000	-2.869647e+000	-7.710277e-001
1.114132845624358e+001	-3.521717e+000	-2.822703e+000	-6.990134e-001
1.117551431380217e+001	-3.398578e+000	-2.772437e+000	-6.261413e-001
1.120970017136077e+001	-3.271260e+000	-2.718849e+000	-5.524112e-001
1.124388602891936e+001	-3.139762e+000	-2.661938e+000	-4.778233e-001
1.127281252377663e+001	-3.025670e+000	-2.611354e+000	-4.143160e-001
1.130173901863391e+001	-2.909296e+000	-2.558700e+000	-3.505959e-001
1.133066551349118e+001	-2.790639e+000	-2.503976e+000	-2.866630e-001
1.135959200834845e+001	-2.669700e+000	-2.447183e+000	-2.225172e-001
1.138851850320572e+001	-2.546479e+000	-2.388320e+000	-1.581587e-001
1.141744499806300e+001	-2.420975e+000	-2.327387e+000	-9.358740e-002
1.144637149292027e+001	-2.293188e+000	-2.264385e+000	-2.880328e-002
1.146214958102423e+001	-2.222766e+000	-2.229261e+000	6.495688e-003
1.147792766912820e+001	-2.151834e+000	-2.193606e+000	4.177109e-002
1.149370575723217e+001	-2.080394e+000	-2.157417e+000	7.702292e-002
1.150948384533614e+001	-2.008445e+000	-2.120697e+000	1.122512e-001
1.152526193344010e+001	-1.935988e+000	-2.083443e+000	1.474559e-001
1.154104002154407e+001	-1.863021e+000	-2.045658e+000	1.826370e-001
1.155681810964803e+001	-1.789546e+000	-2.007340e+000	2.177946e-001
1.160152269260927e+001	-1.578049e+000	-1.895556e+000	3.175072e-001
1.164622727557051e+001	-1.364478e+000	-1.780577e+000	4.160993e-001
1.169093185853175e+001	-1.148833e+000	-1.662405e+000	5.135711e-001
1.173563644149299e+001	-9.311148e-001	-1.541037e+000	6.099225e-001
1.178034102445423e+001	-7.113221e-001	-1.416476e+000	7.051535e-001
1.182504560741547e+001	-4.894553e-001	-1.288719e+000	7.992641e-001
1.186975019037671e+001	-2.655146e-001	-1.157769e+000	8.922544e-001
1.188815795983134e+001	-1.734970e-001	-1.103367e+000	9.298701e-001
1.190656572928596e+001	-8.149851e-002	-1.048638e+000	9.671396e-001
1.192497349874059e+001	1.048084e-002	-9.935820e-001	1.004063e+000
1.194338126819522e+001	1.024410e-001	-9.381986e-001	1.040640e+000
1.196178903764985e+001	1.943821e-001	-8.824882e-001	1.076870e+000
1.198019680710448e+001	2.863041e-001	-8.264505e-001	1.112755e+000
1.199860457655910e+001	3.782069e-001	-7.700857e-001	1.148293e+000
1.204856852222167e+001	6.282258e-001	-6.149834e-001	1.243209e+000
1.209853246788423e+001	8.751588e-001	-4.593216e-001	1.334480e+000
1.214849641354679e+001	1.119006e+000	-3.031003e-001	1.422106e+000
1.219846035920935e+001	1.359767e+000	-1.463195e-001	1.506086e+000
1.224842430487191e+001	1.597441e+000	1.102080e-002	1.586421e+000
1.229838825053447e+001	1.832030e+000	1.689206e-001	1.663109e+000
1.234835219619703e+001	2.063533e+000	3.273799e-001	1.736153e+000
1.241409422996356e+001	2.361101e+000	5.354136e-001	1.825688e+000
1.247983626373009e+001	2.645564e+000	7.389921e-001	1.906571e+000
1.254557829749662e+001	2.916920e+000	9.381155e-001	1.978804e+000
1.261132033126314e+001	3.175170e+000	1.132784e+000	2.042386e+000
1.267706236502967e+001	3.420314e+000	1.322997e+000	2.097317e+000
1.274280439879620e+001	3.652351e+000	1.508754e+000	2.143597e+000
1.280854643256273e+001	3.871283e+000	1.690057e+000	2.181226e+000
1.283747292742000e+001	3.961331e+000	1.766793e+000	2.194538e+000
1.286639942227727e+001	4.047893e+000	1.841898e+000	2.205995e+000
1.289532591713455e+001	4.130967e+000	1.915372e+000	2.215596e+000
1.292425241199182e+001	4.210555e+000	1.987214e+000	2.223341e+000
1.295317890684909e+001	4.286656e+000	2.057425e+000	2.229231e+000
1.298210540170636e+001	4.359270e+000	2.126004e+000	2.233266e+000
1.301103189656364e+001	4.428397e+000	2.192953e+000	2.235445e+000
1.304784743547289e+001	4.510803e+000	2.275309e+000	2.235494e+000
1.308466297438215e+001	4.587300e+000	2.354822e+000	2.232478e+000
1.312147851329140e+001	4.657369e+000	2.430900e+000	2.226469e+000
1.315829405220066e+001	4.721009e+000	2.503543e+000	2.217466e+000
1.319510959110991e+001	4.778221e+000	2.572750e+000	2.205471e+000
1.323192513001917e+001	4.829004e+000	2.638522e+000	2.190482e+000
1.326874066892843e+001	4.873358e+000	2.700859e+000	2.172500e+000
1.330555620783768e+001	4.911284e+000	2.759760e+000	2.151525e+000
1.333185302134429e+001	4.934195e+000	2.799443e+000	2.134752e+000
1.335814983485090e+001	4.953667e+000	2.837129e+000	2.116538e+000
1.338444664835751e+001	4.969700e+000	2.872818e+000	2.096883e+000
1.341074346186413e+001	4.982295e+000	2.906510e+000	2.075785e+000
1.343704027537074e+001	4.991451e+000	2.938206e+000	2.053246e+000
1.346333708887735e+001	4.997169e+000	2.967904e+000	2.029265e+000
1.348963390238396e+001	4.999448e+000	2.995606e+000	2.003843e+000
1.350804167183859e+001	4.998969e+000	3.013739e+000	1.985230e+000
1.352644944129322e+001	4.996800e+000	3.030838e+000	1.965963e+000
1.354485721074784e+001	4.992941e+000	3.046902e+000	1.946039e+000
1.356326498020247e+001	4.987391e+000	3.061931e+000	1.925460e+000
1.358167274965710e+001	4.980151e+000	3.075926e+000	1.904225e+000
1.360008051911173e+001	4.971220e+000	3.088886e+000	1.882334e+000
1.361848828856635e+001	4.960600e+000	3.100812e+000	1.859788e+000
1.364478510207297e+001	4.942474e+000	3.116024e+000	1.826450e+000
1.367108191557958e+001	4.920974e+000	3.129063e+000	1.791911e+000
1.369737872908619e+001	4.896101e+000	3.139930e+000	1.756171e+000
1.372367554259280e+001	4.867855e+000	3.148623e+000	1.719231e+000
1.374997235609941e+001	4.836234e+000	3.155144e+000	1.681090e+000
1.377626916960602e+001	4.801241e+000	3.159493e+000	1.641748e+000
1.380256598311263e+001	4.762874e+000	3.161668e+000	1.601205e+000
1.381834407121660e+001	4.738284e+000	3.161915e+000	1.576369e+000
1.383412215932057e+001	4.712532e+000	3.161376e+000	1.551157e+000
1.384990024742453e+001	4.685618e+000	3.160050e+000	1.525568e+000
1.386567833552850e+001	4.657540e+000	3.157938e+000	1.499602e+000
1.388145642363247e+001	4.628300e+000	3.155040e+000	1.473260e+000
1.389723451173643e+001	4.597898e+000	3.151356e+000	1.446542e+000
1.391301259984040e+001	4.566333e+000	3.146886e+000	1.419447e+000
1.394193909469767e+001	4.505402e+000	3.136624e+000	1.368778e+000
1.397086558955495e+001	4.440846e+000	3.123770e+000	1.317076e+000
1.399979208441222e+001	4.372664e+000	3.108326e+000	1.264338e+000
1.402871857926949e+001	4.300857e+000	3.090291e+000	1.210566e+000
1.405764507412676e+001	4.225424e+000	3.069664e+000	1.155759e+000
1.408657156898403e+001	4.146365e+000	3.046447e+000	1.099918e+000
1.411549806384131e+001	4.063681e+000	3.020639e+000	1.043042e+000
1.412864647059461e+001	4.025022e+000	3.008083e+000	1.016939e+000
1.414179487734792e+001	3.985684e+000	2.995013e+000	9.906704e-001
1.415494328410122e+001	3.945667e+000	2.981429e+000	9.642379e-001
1.416809169085453e+001	3.904972e+000	2.967331e+000	9.376410e-001
1.418124009760783e+001	3.863599e+000	2.952719e+000	9.108797e-001
1.419438850436114e+001	3.821547e+000	2.937593e+000	8.839541e-001
1.420753691111445e+001	3.778816e+000	2.921952e+000	8.568640e-001
1.425487117542635e+001	3.618694e+000	2.861079e+000	7.576153e-001
1.430220543973825e+001	3.451450e+000	2.794211e+000	6.572390e-001
1.434953970405015e+001	3.277083e+000	2.721348e+000	5.557352e-001
1.439687396836205e+001	3.095593e+000	2.642490e+000	4.531038e-001
1.444420823267395e+001	2.906982e+000	2.557637e+000	3.493449e-001
1.449154249698585e+001	2.711247e+000	2.466789e+000	2.444585e-001
1.453887676129775e+001	2.508390e+000	2.369946e+000	1.384445e-001
1.455991421210304e+001	2.416758e+000	2.325339e+000	9.141895e-002
1.458095166290832e+001	2.324159e+000	2.279754e+000	4.440492e-002
1.460198911371361e+001	2.230594e+000	2.233192e+000	-2.597562e-003
1.462302656451890e+001	2.136064e+000	2.185653e+000	-4.958850e-002
1.464406401532419e+001	2.040568e+000	2.137136e+000	-9.656790e-002
1.466510146612948e+001	1.944106e+000	2.087642e+000	-1.435358e-001
1.468613891693477e+001	1.846678e+000	2.037170e+000	-1.904921e-001
1.473084349989601e+001	1.636126e+000	1.926470e+000	-2.903444e-001
1.477554808285725e+001	1.423379e+000	1.812509e+000	-3.891294e-001
1.482025266581849e+001	1.208440e+000	1.695287e+000	-4.868471e-001
1.486495724877973e+001	9.913064e-001	1.574804e+000	-5.834974e-001
1.490966183174097e+001	7.719797e-001	1.451060e+000	-6.790805e-001
1.495436641470220e+001	5.504594e-001	1.324056e+000	-7.735962e-001
1.499907099766344e+001	3.267455e-001	1.193790e+000	-8.670446e-001
1.502010844846873e+001	2.216130e-001	1.131865e+000	-9.102520e-001
1.504114589927402e+001	1.164986e-001	1.069508e+000	-9.530098e-001
1.506218335007931e+001	1.140242e-002	1.006721e+000	-9.953181e-001
1.508322080088460e+001	-9.367556e-002	9.435013e-001	-1.037177e+000
1.510425825168989e+001	-1.987353e-001	8.798507e-001	-1.078586e+000
1.512529570249518e+001	-3.037769e-001	8.157687e-001	-1.119546e+000
1.514633315330047e+001	-4.088003e-001	7.512554e-001	-1.160056e+000
1.519629709896303e+001	-6.586577e-001	5.959430e-001	-1.254601e+000
1.524626104462559e+001	-9.053551e-001	4.401192e-001	-1.345474e+000
1.529622499028815e+001	-1.148893e+000	2.837841e-001	-1.432677e+000
1.534618893595071e+001	-1.389270e+000	1.269376e-001	-1.516208e+000
1.539615288161327e+001	-1.626488e+000	-3.042016e-002	-1.596068e+000
1.544611682727583e+001	-1.860546e+000	-1.882893e-001	-1.672257e+000
1.549608077293840e+001	-2.091444e+000	-3.466698e-001	-1.744774e+000
1.556182280670492e+001	-2.388101e+000	-5.545218e-001	-1.833580e+000
1.562756484047145e+001	-2.671548e+000	-7.578398e-001	-1.913708e+000
1.569330687423798e+001	-2.941785e+000	-9.566240e-001	-1.985161e+000
1.575904890800451e+001	-3.198811e+000	-1.150874e+000	-2.047937e+000
1.582479094177104e+001	-3.442626e+000	-1.340590e+000	-2.102036e+000
1.589053297553756e+001	-3.673232e+000	-1.525773e+000	-2.147459e+000
1.595627500930409e+001	-3.890626e+000	-1.706421e+000	-2.184205e+000
1.598520150416136e+001	-3.979976e+000	-1.782849e+000	-2.197127e+000
1.601412799901863e+001	-4.065825e+000	-1.857632e+000	-2.208193e+000
1.604305449387590e+001	-4.148173e+000	-1.930771e+000	-2.217402e+000
1.607198098873317e+001	-4.227020e+000	-2.002266e+000	-2.224754e+000
1.610090748359044e+001	-4.302366e+000	-2.072117e+000	-2.230249e+000
1.612983397844771e+001	-4.374211e+000	-2.140324e+000	-2.233887e+000
1.615876047330498e+001	-4.442556e+000	-2.206887e+000	-2.235668e+000
1.617453856140895e+001	-4.478204e+000	-2.242360e+000	-2.235843e+000
1.619031664951292e+001	-4.512716e+000	-2.277253e+000	-2.235463e+000
1.620609473761688e+001	-4.546092e+000	-2.311567e+000	-2.234526e+000
1.622187282572084e+001	-4.578334e+000	-2.345301e+000	-2.233033e+000
1.623765091382481e+001	-4.609440e+000	-2.378456e+000	-2.230984e+000
1.625342900192878e+001	-4.639410e+000	-2.411031e+000	-2.228379e+000
1.626920709003274e+001	-4.668245e+000	-2.443027e+000	-2.225219e+000
1.631391167299397e+001	-4.743808e+000	-2.530663e+000	-2.213146e+000
1.635861625595521e+001	-4.809622e+000	-2.612863e+000	-2.196758e+000
1.640332083891644e+001	-4.865685e+000	-2.689629e+000	-2.176056e+000
1.644802542187768e+001	-4.911998e+000	-2.760959e+000	-2.151038e+000
1.649273000483892e+001	-4.948561e+000	-2.826855e+000	-2.121706e+000
1.653743458780015e+001	-4.975374e+000	-2.887315e+000	-2.088059e+000
1.658213917076138e+001	-4.992437e+000	-2.942340e+000	-2.050097e+000
1.669258578748914e+001	-4.991282e+000	-3.052024e+000	-1.939258e+000
1.671625291964509e+001	-4.983085e+000	-3.070746e+000	-1.912339e+000
1.673992005180104e+001	-4.972117e+000	-3.087728e+000	-1.884390e+000
1.676358718395698e+001	-4.958379e+000	-3.102968e+000	-1.855411e+000
1.678725431611293e+001	-4.941869e+000	-3.116468e+000	-1.825401e+000
1.681092144826888e+001	-4.922587e+000	-3.128226e+000	-1.794361e+000
1.683458858042483e+001	-4.900535e+000	-3.138244e+000	-1.762291e+000
1.685825571258078e+001	-4.875712e+000	-3.146521e+000	-1.729190e+000
1.688718220743805e+001	-4.841603e+000	-3.154224e+000	-1.687379e+000
1.691610870229532e+001	-4.803532e+000	-3.159284e+000	-1.644249e+000
1.694503519715259e+001	-4.761500e+000	-3.161700e+000	-1.599800e+000
1.697396169200985e+001	-4.715507e+000	-3.161474e+000	-1.554033e+000
1.700288818686712e+001	-4.665552e+000	-3.158604e+000	-1.506948e+000
1.703181468172439e+001	-4.611636e+000	-3.153092e+000	-1.458545e+000
1.706074117658166e+001	-4.553759e+000	-3.144936e+000	-1.408823e+000
1.708966767143893e+001	-4.492022e+000	-3.134115e+000	-1.357907e+000
1.711859416629620e+001	-4.426673e+000	-3.120706e+000	-1.305967e+000
1.714752066115347e+001	-4.357711e+000	-3.104710e+000	-1.253001e+000
1.717644715601074e+001	-4.285137e+000	-3.086126e+000	-1.199011e+000
1.720537365086801e+001	-4.208949e+000	-3.064954e+000	-1.143996e+000
1.723430014572528e+001	-4.129149e+000	-3.041194e+000	-1.087955e+000
1.726322664058255e+001	-4.045736e+000	-3.014846e+000	-1.030890e+000
1.727637504733585e+001	-4.006751e+000	-3.002047e+000	-1.004704e+000
1.728952345408916e+001	-3.967091e+000	-2.988736e+000	-9.783549e-001
1.730267186084246e+001	-3.926755e+000	-2.974911e+000	-9.518440e-001
1.731582026759577e+001	-3.885744e+000	-2.960573e+000	-9.251709e-001
1.732896867434907e+001	-3.844058e+000	-2.945723e+000	-8.983355e-001
1.734211708110237e+001	-3.801697e+000	-2.930359e+000	-8.713379e-001
1.735526548785568e+001	-3.758661e+000	-2.914483e+000	-8.441781e-001
1.740259975216758e+001	-3.597462e+000	-2.852766e+000	-7.446957e-001
1.744993401647947e+001	-3.429193e+000	-2.785078e+000	-6.441157e-001
1.749726828079137e+001	-3.253855e+000	-2.711417e+000	-5.424380e-001
1.754460254510326e+001	-3.071448e+000	-2.631785e+000	-4.396626e-001
1.759193680941516e+001	-2.881971e+000	-2.546181e+000	-3.357896e-001
1.763927107372705e+001	-2.685424e+000	-2.454605e+000	-2.308189e-001
1.768660533803895e+001	-2.481808e+000	-2.357058e+000	-1.247506e-001
1.774182864640283e+001	-2.238478e+000	-2.237134e+000	-1.344187e-003
1.776812545990943e+001	-2.119951e+000	-2.177497e+000	5.754658e-002
1.779442227341604e+001	-2.000167e+000	-2.116463e+000	1.162963e-001
1.782071908692265e+001	-1.879127e+000	-2.054032e+000	1.749049e-001
1.784701590042926e+001	-1.756831e+000	-1.990204e+000	2.333725e-001
1.787331271393587e+001	-1.633279e+000	-1.924978e+000	2.916990e-001
1.789960952744248e+001	-1.508470e+000	-1.858355e+000	3.498844e-001
1.792590634094909e+001	-1.382405e+000	-1.790334e+000	4.079288e-001
1.796272187985834e+001	-1.204012e+000	-1.692845e+000	4.888331e-001
1.799953741876759e+001	-1.024598e+000	-1.593406e+000	5.688078e-001
1.803635295767684e+001	-8.441648e-001	-1.492018e+000	6.478527e-001
1.807316849658610e+001	-6.627118e-001	-1.388680e+000	7.259679e-001
1.810998403549535e+001	-4.802390e-001	-1.283392e+000	8.031534e-001
1.814679957440460e+001	-2.967464e-001	-1.176156e+000	8.794091e-001
1.818361511331385e+001	-1.122341e-001	-1.066969e+000	9.547352e-001
1.819939320141782e+001	-3.331179e-002	-1.019846e+000	9.865339e-001
1.821517128952178e+001	4.556975e-002	-9.724979e-001	1.018068e+000
1.823094937762575e+001	1.244105e-001	-9.249258e-001	1.049336e+000
1.824672746572971e+001	2.032105e-001	-8.771295e-001	1.080340e+000
1.826250555383368e+001	2.819697e-001	-8.291090e-001	1.111079e+000
1.827828364193764e+001	3.606882e-001	-7.808642e-001	1.141552e+000
1.829406173004161e+001	4.393659e-001	-7.323951e-001	1.171761e+000
1.838610057731474e+001	8.952265e-001	-4.465890e-001	1.341815e+000
1.844921292973060e+001	1.206585e+000	-2.462965e-001	1.452881e+000
1.851232528214646e+001	1.510208e+000	-4.699560e-002	1.557203e+000
1.857543763456232e+001	1.806095e+000	1.513137e-001	1.654781e+000
1.863854998697818e+001	2.094246e+000	3.486315e-001	1.745614e+000
1.870166233939404e+001	2.374661e+000	5.449577e-001	1.829704e+000
1.876477469180991e+001	2.647341e+000	7.402923e-001	1.907049e+000
1.882788704422577e+001	2.912285e+000	9.346353e-001	1.977650e+000
1.884629481368039e+001	2.986799e+000	9.901464e-001	1.996653e+000
1.884955592153880e+001	2.999904e+000	9.999496e-001	1.999955e+000
