time	V(n001)	I(C1)
0.000000000000000e+000	1.000000e+000	1.000000e-012
3.657142652205690e-009	1.000000e+000	1.904486e-010
7.314285304411379e-009	1.000000e+000	-8.659318e-010
1.097142795661707e-008	1.000000e+000	-3.168141e-009
1.462857060882276e-008	1.000000e+000	-6.716179e-009
1.828571326102845e-008	1.000000e+000	-1.151005e-008
2.194285591323414e-008	1.000000e+000	-1.754974e-008
2.559999856543982e-008	1.000000e+000	-2.483527e-008
5.119999713087964e-008	1.000000e+000	-5.587935e-008
1.023999942617593e-007	1.000000e+000	-1.024455e-007
2.047999885235186e-007	1.000000e+000	-2.030283e-007
1.006310719926526e-002	9.999494e-001	-1.006289e-002
2.030310719926485e-002	9.997939e-001	-2.030151e-002
3.054310719926443e-002	9.995336e-001	-3.053789e-002
4.078310719926732e-002	9.991685e-001	-4.077097e-002
5.102310719927046e-002	9.986987e-001	-5.099967e-002
6.126310719927360e-002	9.981241e-001	-6.122292e-002
7.150310719927049e-002	9.974448e-001	-7.143964e-002
8.174310719926652e-002	9.966610e-001	-8.164877e-002
9.198310719926255e-002	9.957727e-001	-9.184923e-002
1.022231071992586e-001	9.947799e-001	-1.020400e-001
1.124631071992546e-001	9.936829e-001	-1.122199e-001
1.227031071992506e-001	9.924817e-001	-1.223879e-001
1.329431071992577e-001	9.911765e-001	-1.325430e-001
1.431831071992679e-001	9.897673e-001	-1.426841e-001
1.534231071992782e-001	9.882544e-001	-1.528102e-001
1.636631071992884e-001	9.866378e-001	-1.629201e-001
1.739031071992987e-001	9.849178e-001	-1.730129e-001
1.841431071993089e-001	9.830946e-001	-1.830873e-001
1.943831071993191e-001	9.811682e-001	-1.931425e-001
2.046231071993294e-001	9.791391e-001	-2.031774e-001
2.148631071993396e-001	9.770072e-001	-2.131908e-001
2.251031071993499e-001	9.747730e-001	-2.231818e-001
2.353431071993601e-001	9.724365e-001	-2.331492e-001
2.455831071993704e-001	9.699982e-001	-2.430921e-001
2.558231071993806e-001	9.674581e-001	-2.530094e-001
2.660631071993908e-001	9.648166e-001	-2.629001e-001
2.763031071994010e-001	9.620740e-001	-2.727632e-001
2.865431071994113e-001	9.592305e-001	-2.825975e-001
2.967831071994215e-001	9.562865e-001	-2.924021e-001
3.070231071994318e-001	9.532422e-001	-3.021759e-001
3.172631071994420e-001	9.500980e-001	-3.119180e-001
3.275031071994523e-001	9.468543e-001	-3.216272e-001
3.377431071994625e-001	9.435112e-001	-3.313026e-001
3.479831071994727e-001	9.400693e-001	-3.409432e-001
3.582231071994830e-001	9.365289e-001	-3.505479e-001
3.684631071994932e-001	9.328902e-001	-3.601158e-001
3.787031071995035e-001	9.291538e-001	-3.696458e-001
3.889431071995137e-001	9.253200e-001	-3.791369e-001
3.991831071995239e-001	9.213892e-001	-3.885882e-001
4.094231071995342e-001	9.173619e-001	-3.979987e-001
4.196631071995444e-001	9.132383e-001	-4.073673e-001
4.299031071995547e-001	9.090191e-001	-4.166932e-001
4.401431071995649e-001	9.047046e-001	-4.259752e-001
4.503831071995751e-001	9.002953e-001	-4.352125e-001
4.606231071995854e-001	8.957916e-001	-4.444040e-001
4.708631071995956e-001	8.911941e-001	-4.535488e-001
4.811031071996059e-001	8.865031e-001	-4.626460e-001
4.913431071996161e-001	8.817192e-001	-4.716946e-001
5.015831071996175e-001	8.768430e-001	-4.806937e-001
5.118231071995709e-001	8.718748e-001	-4.896422e-001
5.220631071995243e-001	8.668153e-001	-4.985393e-001
5.323031071994777e-001	8.616649e-001	-5.073841e-001
5.425431071994311e-001	8.564243e-001	-5.161755e-001
5.527831071993845e-001	8.510938e-001	-5.249128e-001
5.630231071993379e-001	8.456742e-001	-5.335949e-001
5.732631071992913e-001	8.401660e-001	-5.422210e-001
5.835031071992447e-001	8.345698e-001	-5.507901e-001
5.937431071991981e-001	8.288860e-001	-5.593014e-001
6.039831071991515e-001	8.231154e-001	-5.677539e-001
6.142231071991049e-001	8.172586e-001	-5.761468e-001
6.244631071990583e-001	8.113161e-001	-5.844793e-001
6.347031071990117e-001	8.052887e-001	-5.927503e-001
6.449431071989651e-001	7.991768e-001	-6.009592e-001
6.551831071989185e-001	7.929813e-001	-6.091049e-001
6.654231071988719e-001	7.867026e-001	-6.171867e-001
6.756631071988253e-001	7.803415e-001	-6.252036e-001
6.859031071987787e-001	7.738987e-001	-6.331550e-001
6.961431071987321e-001	7.673747e-001	-6.410398e-001
7.063831071986855e-001	7.607704e-001	-6.488574e-001
7.166231071986389e-001	7.540863e-001	-6.566069e-001
7.268631071985923e-001	7.473233e-001	-6.642874e-001
7.371031071985457e-001	7.404820e-001	-6.718982e-001
7.473431071984991e-001	7.335631e-001	-6.794384e-001
7.575831071984525e-001	7.265673e-001	-6.869074e-001
7.678231071984059e-001	7.194955e-001	-6.943042e-001
7.780631071983593e-001	7.123482e-001	-7.016281e-001
7.883031071983127e-001	7.051263e-001	-7.088785e-001
7.985431071982660e-001	6.978306e-001	-7.160544e-001
8.087831071982194e-001	6.904618e-001	-7.231551e-001
8.190231071981728e-001	6.830207e-001	-7.301800e-001
8.292631071981262e-001	6.755080e-001	-7.371282e-001
8.395031071980796e-001	6.679246e-001	-7.439990e-001
8.497431071980330e-001	6.602712e-001	-7.507918e-001
8.599831071979864e-001	6.525486e-001	-7.575058e-001
8.702231071979398e-001	6.447577e-001	-7.641402e-001
8.804631071978932e-001	6.368993e-001	-7.706946e-001
8.907031071978466e-001	6.289742e-001	-7.771679e-001
9.009431071978000e-001	6.209832e-001	-7.835598e-001
9.111831071977534e-001	6.129271e-001	-7.898694e-001
9.214231071977068e-001	6.048070e-001	-7.960961e-001
9.316631071976602e-001	5.966234e-001	-8.022394e-001
9.419031071976136e-001	5.883774e-001	-8.082983e-001
9.521431071975670e-001	5.800697e-001	-8.142725e-001
9.623831071975204e-001	5.717013e-001	-8.201613e-001
9.726231071974738e-001	5.632731e-001	-8.259640e-001
9.828631071974272e-001	5.547859e-001	-8.316800e-001
9.931031071973806e-001	5.462406e-001	-8.373088e-001
1.003343107197371e+000	5.376381e-001	-8.428497e-001
1.013583107197438e+000	5.289794e-001	-8.483021e-001
1.023823107197505e+000	5.202652e-001	-8.536656e-001
1.034063107197572e+000	5.114966e-001	-8.589395e-001
1.044303107197639e+000	5.026744e-001	-8.641233e-001
1.054543107197707e+000	4.937997e-001	-8.692164e-001
1.064783107197774e+000	4.848732e-001	-8.742183e-001
1.075023107197841e+000	4.758960e-001	-8.791285e-001
1.085263107197908e+000	4.668689e-001	-8.839465e-001
1.095503107197975e+000	4.577931e-001	-8.886718e-001
1.105743107198042e+000	4.486693e-001	-8.933038e-001
1.115983107198109e+000	4.394985e-001	-8.978420e-001
1.126223107198176e+000	4.302818e-001	-9.022861e-001
1.136463107198243e+000	4.210200e-001	-9.066356e-001
1.146703107198310e+000	4.117142e-001	-9.108899e-001
1.156943107198377e+000	4.023653e-001	-9.150487e-001
1.167183107198444e+000	3.929743e-001	-9.191114e-001
1.177423107198512e+000	3.835422e-001	-9.230778e-001
1.187663107198579e+000	3.740700e-001	-9.269474e-001
1.197903107198646e+000	3.645587e-001	-9.307197e-001
1.208143107198713e+000	3.550092e-001	-9.343943e-001
1.218383107198780e+000	3.454227e-001	-9.379710e-001
1.228623107198847e+000	3.357999e-001	-9.414492e-001
1.238863107198914e+000	3.261421e-001	-9.448287e-001
1.249103107198981e+000	3.164502e-001	-9.481091e-001
1.259343107199048e+000	3.067252e-001	-9.512901e-001
1.269583107199115e+000	2.969681e-001	-9.543713e-001
1.279823107199182e+000	2.871800e-001	-9.573524e-001
1.290063107199249e+000	2.773619e-001	-9.602330e-001
1.300303107199317e+000	2.675147e-001	-9.630130e-001
1.310543107199384e+000	2.576397e-001	-9.656919e-001
1.320783107199451e+000	2.477377e-001	-9.682696e-001
1.331023107199518e+000	2.378099e-001	-9.707457e-001
1.341263107199585e+000	2.278572e-001	-9.731200e-001
1.351503107199652e+000	2.178807e-001	-9.753922e-001
1.361743107199719e+000	2.078815e-001	-9.775621e-001
1.371983107199786e+000	1.978606e-001	-9.796295e-001
1.382223107199853e+000	1.878190e-001	-9.815941e-001
1.392463107199920e+000	1.777579e-001	-9.834559e-001
1.402703107199987e+000	1.676782e-001	-9.852144e-001
1.412943107200054e+000	1.575811e-001	-9.868697e-001
1.423183107200122e+000	1.474675e-001	-9.884214e-001
1.433423107200189e+000	1.373385e-001	-9.898695e-001
1.443663107200256e+000	1.271953e-001	-9.912138e-001
1.453903107200323e+000	1.170389e-001	-9.924541e-001
1.464143107200390e+000	1.068702e-001	-9.935904e-001
1.474383107200457e+000	9.669048e-002	-9.946225e-001
1.484623107200524e+000	8.650070e-002	-9.955502e-001
1.494863107200591e+000	7.630196e-002	-9.963736e-001
1.505103107200658e+000	6.609533e-002	-9.970924e-001
1.515343107200725e+000	5.588187e-002	-9.977068e-001
1.525583107200792e+000	4.566265e-002	-9.982165e-001
1.535823107200860e+000	3.543875e-002	-9.986215e-001
1.546063107200927e+000	2.521124e-002	-9.989218e-001
1.556303107200994e+000	1.498119e-002	-9.991173e-001
1.566543107201061e+000	4.749676e-003	-9.992081e-001
1.576783107201128e+000	-5.482233e-003	-9.991941e-001
1.587023107201195e+000	-1.571346e-002	-9.990754e-001
1.597263107201262e+000	-2.594294e-002	-9.988519e-001
1.607503107201329e+000	-3.616959e-002	-9.985237e-001
1.617743107201396e+000	-4.639234e-002	-9.980907e-001
1.627983107201463e+000	-5.661013e-002	-9.975531e-001
1.638223107201530e+000	-6.682187e-002	-9.969109e-001
1.648463107201597e+000	-7.702651e-002	-9.961642e-001
1.658703107201665e+000	-8.722296e-002	-9.953130e-001
1.668943107201732e+000	-9.741016e-002	-9.943575e-001
1.679183107201799e+000	-1.075870e-001	-9.932978e-001
1.689423107201866e+000	-1.177525e-001	-9.921338e-001
1.699663107201933e+000	-1.279056e-001	-9.908659e-001
1.709903107202000e+000	-1.380451e-001	-9.894941e-001
1.720143107202067e+000	-1.481701e-001	-9.880185e-001
1.730383107202134e+000	-1.582794e-001	-9.864393e-001
1.740623107202201e+000	-1.683720e-001	-9.847568e-001
1.750863107202268e+000	-1.784469e-001	-9.829710e-001
1.761103107202335e+000	-1.885029e-001	-9.810821e-001
1.771343107202402e+000	-1.985391e-001	-9.790905e-001
1.781583107202470e+000	-2.085543e-001	-9.769961e-001
1.791823107202537e+000	-2.185476e-001	-9.747993e-001
1.802063107202604e+000	-2.285179e-001	-9.725003e-001
1.812303107202671e+000	-2.384641e-001	-9.700994e-001
1.822543107202738e+000	-2.483851e-001	-9.675968e-001
1.832783107202805e+000	-2.582801e-001	-9.649928e-001
1.843023107202872e+000	-2.681479e-001	-9.622875e-001
1.853263107202939e+000	-2.779874e-001	-9.594815e-001
1.863503107203006e+000	-2.877977e-001	-9.565749e-001
1.873743107203073e+000	-2.975777e-001	-9.535679e-001
1.883983107203140e+000	-3.073264e-001	-9.504610e-001
1.894223107203207e+000	-3.170428e-001	-9.472545e-001
1.904463107203275e+000	-3.267259e-001	-9.439487e-001
1.914703107203342e+000	-3.363746e-001	-9.405439e-001
1.924943107203409e+000	-3.459879e-001	-9.370406e-001
1.935183107203476e+000	-3.555648e-001	-9.334391e-001
1.945423107203543e+000	-3.651043e-001	-9.297397e-001
1.955663107203610e+000	-3.746055e-001	-9.259428e-001
1.965903107203677e+000	-3.840673e-001	-9.220489e-001
1.976143107203744e+000	-3.934888e-001	-9.180583e-001
1.986383107203811e+000	-4.028688e-001	-9.139716e-001
1.996623107203878e+000	-4.122066e-001	-9.097890e-001
2.006863107203945e+000	-4.215010e-001	-9.055111e-001
2.017103107204012e+000	-4.307511e-001	-9.011383e-001
2.027343107204080e+000	-4.399560e-001	-8.966711e-001
2.037583107204147e+000	-4.491146e-001	-8.921098e-001
2.047823107204214e+000	-4.582261e-001	-8.874550e-001
2.058063107204281e+000	-4.672894e-001	-8.827073e-001
2.068303107204348e+000	-4.763036e-001	-8.778670e-001
2.078543107204415e+000	-4.852678e-001	-8.729348e-001
2.088783107204482e+000	-4.941810e-001	-8.679111e-001
2.099023107204549e+000	-5.030423e-001	-8.627964e-001
2.109263107204616e+000	-5.118508e-001	-8.575913e-001
2.119503107204683e+000	-5.206054e-001	-8.522963e-001
2.129743107204750e+000	-5.293055e-001	-8.469120e-001
2.139983107204817e+000	-5.379499e-001	-8.414389e-001
2.150223107204885e+000	-5.465379e-001	-8.358778e-001
2.160463107204952e+000	-5.550684e-001	-8.302289e-001
2.170703107205019e+000	-5.635406e-001	-8.244932e-001
2.180943107205086e+000	-5.719537e-001	-8.186709e-001
2.191183107205153e+000	-5.803067e-001	-8.127630e-001
2.201423107205220e+000	-5.885988e-001	-8.067698e-001
2.211663107205287e+000	-5.968291e-001	-8.006921e-001
2.221903107205354e+000	-6.049967e-001	-7.945306e-001
2.232143107205421e+000	-6.131008e-001	-7.882858e-001
2.242383107205488e+000	-6.211405e-001	-7.819583e-001
2.252623107205555e+000	-6.291150e-001	-7.755491e-001
2.262863107205622e+000	-6.370235e-001	-7.690584e-001
2.273103107205690e+000	-6.448650e-001	-7.624873e-001
2.283343107205757e+000	-6.526390e-001	-7.558362e-001
2.293583107205824e+000	-6.603443e-001	-7.491060e-001
2.303823107205891e+000	-6.679804e-001	-7.422972e-001
2.314063107205958e+000	-6.755463e-001	-7.354107e-001
2.324303107206025e+000	-6.830413e-001	-7.284473e-001
2.334543107206092e+000	-6.904646e-001	-7.214074e-001
2.344783107206159e+000	-6.978155e-001	-7.142920e-001
2.355023107206226e+000	-7.050931e-001	-7.071018e-001
2.365263107206293e+000	-7.122967e-001	-6.998374e-001
2.375503107206360e+000	-7.194255e-001	-6.924999e-001
2.385743107206428e+000	-7.264788e-001	-6.850897e-001
2.395983107206495e+000	-7.334559e-001	-6.776078e-001
2.406223107206562e+000	-7.403560e-001	-6.700549e-001
2.416463107206629e+000	-7.471784e-001	-6.624318e-001
2.426703107206696e+000	-7.539223e-001	-6.547394e-001
2.436943107206763e+000	-7.605872e-001	-6.469784e-001
2.447183107206830e+000	-7.671722e-001	-6.391496e-001
2.457423107206897e+000	-7.736768e-001	-6.312539e-001
2.467663107206964e+000	-7.801001e-001	-6.232920e-001
2.477903107207031e+000	-7.864416e-001	-6.152650e-001
2.488143107207098e+000	-7.927005e-001	-6.071734e-001
2.498383107207165e+000	-7.988763e-001	-5.990183e-001
2.508623107207233e+000	-8.049682e-001	-5.908005e-001
2.518863107207300e+000	-8.109757e-001	-5.825207e-001
2.529103107207367e+000	-8.168980e-001	-5.741800e-001
2.539343107207434e+000	-8.227347e-001	-5.657792e-001
2.549583107207501e+000	-8.284850e-001	-5.573191e-001
2.559823107207568e+000	-8.341483e-001	-5.488007e-001
2.570063107207635e+000	-8.397242e-001	-5.402249e-001
2.580303107207702e+000	-8.452119e-001	-5.315924e-001
2.590543107207769e+000	-8.506110e-001	-5.229043e-001
2.600783107207836e+000	-8.559209e-001	-5.141615e-001
2.611023107207903e+000	-8.611408e-001	-5.053648e-001
2.621263107207970e+000	-8.662705e-001	-4.965153e-001
2.631503107208038e+000	-8.713093e-001	-4.876137e-001
2.641743107208105e+000	-8.762567e-001	-4.786612e-001
2.651983107208172e+000	-8.811122e-001	-4.696585e-001
2.662223107208239e+000	-8.858751e-001	-4.606067e-001
2.672463107208306e+000	-8.905452e-001	-4.515067e-001
2.682703107208373e+000	-8.951218e-001	-4.423594e-001
2.692943107208440e+000	-8.996046e-001	-4.331658e-001
2.703183107208507e+000	-9.039929e-001	-4.239269e-001
2.713423107208574e+000	-9.082865e-001	-4.146437e-001
2.723663107208641e+000	-9.124846e-001	-4.053171e-001
2.733903107208708e+000	-9.165872e-001	-3.959481e-001
2.744143107208775e+000	-9.205936e-001	-3.865376e-001
2.754383107208843e+000	-9.245033e-001	-3.770867e-001
2.764623107208910e+000	-9.283161e-001	-3.675964e-001
2.774863107208977e+000	-9.320316e-001	-3.580676e-001
2.785103107209044e+000	-9.356492e-001	-3.485014e-001
2.795343107209111e+000	-9.391688e-001	-3.388987e-001
2.805583107209178e+000	-9.425898e-001	-3.292606e-001
2.815823107209245e+000	-9.459119e-001	-3.195881e-001
2.826063107209312e+000	-9.491348e-001	-3.098821e-001
2.836303107209379e+000	-9.522582e-001	-3.001438e-001
2.846543107209446e+000	-9.552817e-001	-2.903741e-001
2.856783107209513e+000	-9.582049e-001	-2.805740e-001
2.867023107209580e+000	-9.610277e-001	-2.707446e-001
2.877263107209648e+000	-9.637497e-001	-2.608869e-001
2.887503107209715e+000	-9.663706e-001	-2.510020e-001
2.897743107209782e+000	-9.688901e-001	-2.410909e-001
2.907983107209849e+000	-9.713081e-001	-2.311546e-001
2.918223107209916e+000	-9.736241e-001	-2.211941e-001
2.928463107209983e+000	-9.758380e-001	-2.112106e-001
2.938703107210050e+000	-9.779496e-001	-2.012050e-001
2.948943107210117e+000	-9.799586e-001	-1.911784e-001
2.959183107210184e+000	-9.818649e-001	-1.811319e-001
2.969423107210251e+000	-9.836681e-001	-1.710664e-001
2.979663107210318e+000	-9.853683e-001	-1.609832e-001
2.989903107210385e+000	-9.869650e-001	-1.508832e-001
3.000143107210453e+000	-9.884583e-001	-1.407674e-001
3.010383107210520e+000	-9.898479e-001	-1.306370e-001
3.020623107210587e+000	-9.911337e-001	-1.204930e-001
3.030863107210654e+000	-9.923155e-001	-1.103365e-001
3.041103107210721e+000	-9.933933e-001	-1.001685e-001
3.051343107210788e+000	-9.943669e-001	-8.999007e-002
3.061583107210855e+000	-9.952363e-001	-7.980235e-002
3.071823107210922e+000	-9.960012e-001	-6.960636e-002
3.082063107210989e+000	-9.966618e-001	-5.940317e-002
3.092303107211056e+000	-9.972178e-001	-4.919386e-002
3.102543107211123e+000	-9.976693e-001	-3.897950e-002
3.112783107211190e+000	-9.980161e-001	-2.876116e-002
3.123023107211258e+000	-9.982583e-001	-1.853990e-002
3.133263107211325e+000	-9.983958e-001	-8.316803e-003
3.134480250068476e+000	-9.984052e-001	-7.101593e-003
3.135697392925626e+000	-9.984131e-001	-5.886378e-003
3.136914535782777e+000	-9.984195e-001	-4.671159e-003
3.138131678639928e+000	-9.984244e-001	-3.455936e-003
3.139348821497079e+000	-9.984279e-001	-2.240707e-003
3.140565964354229e+000	-9.984299e-001	-1.025475e-003
3.141783107211380e+000	-9.984304e-001	1.897626e-004
3.143503107211392e+000	-9.984286e-001	1.907060e-003
3.153743107211459e+000	-9.983568e-001	1.213062e-002
3.163983107211526e+000	-9.981802e-001	2.235280e-002
3.174223107211593e+000	-9.978989e-001	3.257253e-002
3.184463107211660e+000	-9.975131e-001	4.278875e-002
3.194703107211727e+000	-9.970227e-001	5.300037e-002
3.204943107211794e+000	-9.964277e-001	6.320633e-002
3.215183107211861e+000	-9.957282e-001	7.340556e-002
3.225423107211928e+000	-9.949244e-001	8.359698e-002
3.235663107211996e+000	-9.940162e-001	9.377954e-002
3.245903107212063e+000	-9.930038e-001	1.039522e-001
3.256143107212130e+000	-9.918873e-001	1.141138e-001
3.266383107212197e+000	-9.906668e-001	1.242633e-001
3.276623107212264e+000	-9.893424e-001	1.343997e-001
3.286863107212331e+000	-9.879143e-001	1.445220e-001
3.297103107212398e+000	-9.863827e-001	1.546289e-001
3.307343107212465e+000	-9.847476e-001	1.647195e-001
3.317583107212532e+000	-9.830093e-001	1.747928e-001
3.327823107212599e+000	-9.811679e-001	1.848476e-001
3.338063107212666e+000	-9.792237e-001	1.948830e-001
3.348303107212733e+000	-9.771767e-001	2.048978e-001
3.358543107212801e+000	-9.750274e-001	2.148910e-001
3.368783107212868e+000	-9.727759e-001	2.248616e-001
3.379023107212935e+000	-9.704223e-001	2.348085e-001
3.389263107213002e+000	-9.679671e-001	2.447307e-001
3.399503107213069e+000	-9.654104e-001	2.546271e-001
3.409743107213136e+000	-9.627524e-001	2.644967e-001
3.419983107213203e+000	-9.599935e-001	2.743385e-001
3.430223107213270e+000	-9.571341e-001	2.841515e-001
3.440463107213337e+000	-9.541742e-001	2.939345e-001
3.450703107213404e+000	-9.511144e-001	3.036866e-001
3.460943107213471e+000	-9.479548e-001	3.134067e-001
3.471183107213538e+000	-9.446959e-001	3.230940e-001
3.481423107213606e+000	-9.413380e-001	3.327472e-001
3.491663107213673e+000	-9.378814e-001	3.423654e-001
3.501903107213740e+000	-9.343265e-001	3.519476e-001
3.512143107213807e+000	-9.306736e-001	3.614928e-001
3.522383107213874e+000	-9.269232e-001	3.710001e-001
3.532623107213941e+000	-9.230757e-001	3.804683e-001
3.542863107214008e+000	-9.191313e-001	3.898965e-001
3.553103107214075e+000	-9.150907e-001	3.992838e-001
3.563343107214142e+000	-9.109542e-001	4.086291e-001
3.573583107214209e+000	-9.067221e-001	4.179314e-001
3.583823107214276e+000	-9.023951e-001	4.271899e-001
3.594063107214343e+000	-8.979734e-001	4.364034e-001
3.604303107214411e+000	-8.934577e-001	4.455711e-001
3.614543107214478e+000	-8.888483e-001	4.546920e-001
3.624783107214545e+000	-8.841458e-001	4.637651e-001
3.635023107214612e+000	-8.793505e-001	4.727895e-001
3.645263107214679e+000	-8.744632e-001	4.817642e-001
3.655503107214746e+000	-8.694842e-001	4.906883e-001
3.665743107214813e+000	-8.644141e-001	4.995609e-001
3.675983107214880e+000	-8.592534e-001	5.083810e-001
3.686223107214947e+000	-8.540027e-001	5.171477e-001
3.696463107215014e+000	-8.486624e-001	5.258601e-001
3.706703107215081e+000	-8.432332e-001	5.345172e-001
3.716943107215148e+000	-8.377157e-001	5.431182e-001
3.727183107215216e+000	-8.321103e-001	5.516622e-001
3.737423107215283e+000	-8.264178e-001	5.601482e-001
3.747663107215350e+000	-8.206387e-001	5.685755e-001
3.757903107215417e+000	-8.147736e-001	5.769430e-001
3.768143107215484e+000	-8.088231e-001	5.852499e-001
3.778383107215551e+000	-8.027879e-001	5.934954e-001
3.788623107215618e+000	-7.966685e-001	6.016786e-001
3.798863107215685e+000	-7.904657e-001	6.097986e-001
3.809103107215752e+000	-7.841801e-001	6.178545e-001
3.819343107215819e+000	-7.778123e-001	6.258457e-001
3.829583107215886e+000	-7.713630e-001	6.337711e-001
3.839823107215953e+000	-7.648329e-001	6.416299e-001
3.850063107216021e+000	-7.582226e-001	6.494214e-001
3.860303107216088e+000	-7.515330e-001	6.571447e-001
3.870543107216155e+000	-7.447646e-001	6.647991e-001
3.880783107216222e+000	-7.379181e-001	6.723837e-001
3.891023107216289e+000	-7.309944e-001	6.798976e-001
3.901263107216356e+000	-7.239941e-001	6.873402e-001
3.911503107216423e+000	-7.169179e-001	6.947107e-001
3.921743107216490e+000	-7.097666e-001	7.020082e-001
3.931983107216557e+000	-7.025410e-001	7.092321e-001
3.942223107216624e+000	-6.952418e-001	7.163815e-001
3.952463107216691e+000	-6.878698e-001	7.234557e-001
3.962703107216758e+000	-6.804257e-001	7.304540e-001
3.972943107216826e+000	-6.729103e-001	7.373756e-001
3.983183107216893e+000	-6.653245e-001	7.442198e-001
3.993423107216960e+000	-6.576690e-001	7.509860e-001
4.003663107216864e+000	-6.499446e-001	7.576733e-001
4.013903107216477e+000	-6.421521e-001	7.642811e-001
4.024143107216089e+000	-6.342924e-001	7.708087e-001
4.034383107215701e+000	-6.263662e-001	7.772554e-001
4.044623107215314e+000	-6.183745e-001	7.836205e-001
4.054863107214926e+000	-6.103179e-001	7.899034e-001
4.065103107214538e+000	-6.021975e-001	7.961034e-001
4.075343107214151e+000	-5.940140e-001	8.022199e-001
4.085583107213763e+000	-5.857683e-001	8.082522e-001
4.095823107213375e+000	-5.774613e-001	8.141997e-001
4.106063107212988e+000	-5.690938e-001	8.200617e-001
4.116303107212600e+000	-5.606667e-001	8.258377e-001
4.126543107212212e+000	-5.521810e-001	8.315271e-001
4.136783107211825e+000	-5.436374e-001	8.371292e-001
4.147023107211437e+000	-5.350369e-001	8.426434e-001
4.157263107211049e+000	-5.263804e-001	8.480693e-001
4.167503107210662e+000	-5.176687e-001	8.534061e-001
4.177743107210274e+000	-5.089029e-001	8.586535e-001
4.187983107209886e+000	-5.000838e-001	8.638107e-001
4.198223107209499e+000	-4.912124e-001	8.688773e-001
4.208463107209111e+000	-4.822895e-001	8.738528e-001
4.218703107208723e+000	-4.733162e-001	8.787366e-001
4.228943107208336e+000	-4.642933e-001	8.835281e-001
4.239183107207948e+000	-4.552218e-001	8.882270e-001
4.249423107207560e+000	-4.461027e-001	8.928327e-001
4.259663107207173e+000	-4.369369e-001	8.973448e-001
4.269903107206785e+000	-4.277254e-001	9.017627e-001
4.280143107206397e+000	-4.184692e-001	9.060860e-001
4.290383107206010e+000	-4.091691e-001	9.103142e-001
4.300623107205622e+000	-3.998263e-001	9.144469e-001
4.310863107205234e+000	-3.904416e-001	9.184837e-001
4.321103107204847e+000	-3.810160e-001	9.224243e-001
4.331343107204459e+000	-3.715506e-001	9.262679e-001
4.341583107204071e+000	-3.620464e-001	9.300145e-001
4.351823107203684e+000	-3.525043e-001	9.336635e-001
4.362063107203296e+000	-3.429253e-001	9.372146e-001
4.372303107202908e+000	-3.333105e-001	9.406673e-001
4.382543107202521e+000	-3.236608e-001	9.440213e-001
4.392783107202133e+000	-3.139772e-001	9.472764e-001
4.403023107201745e+000	-3.042609e-001	9.504321e-001
4.413263107201358e+000	-2.945127e-001	9.534881e-001
4.423503107200970e+000	-2.847338e-001	9.564441e-001
4.433743107200582e+000	-2.749251e-001	9.592997e-001
4.443983107200195e+000	-2.650877e-001	9.620548e-001
4.454223107199807e+000	-2.552226e-001	9.647089e-001
4.464463107199419e+000	-2.453308e-001	9.672619e-001
4.474703107199032e+000	-2.354134e-001	9.697134e-001
4.484943107198644e+000	-2.254714e-001	9.720632e-001
4.495183107198256e+000	-2.155059e-001	9.743111e-001
4.505423107197869e+000	-2.055179e-001	9.764568e-001
4.515663107197481e+000	-1.955084e-001	9.785000e-001
4.525903107197093e+000	-1.854785e-001	9.804407e-001
4.536143107196706e+000	-1.754293e-001	9.822785e-001
4.546383107196318e+000	-1.653618e-001	9.840133e-001
4.556623107195930e+000	-1.552771e-001	9.856449e-001
4.566863107195543e+000	-1.451762e-001	9.871731e-001
4.577103107195155e+000	-1.350601e-001	9.885978e-001
4.587343107194768e+000	-1.249300e-001	9.899188e-001
4.597583107194380e+000	-1.147869e-001	9.911361e-001
4.607823107193992e+000	-1.046319e-001	9.922494e-001
4.618063107193605e+000	-9.446604e-002	9.932586e-001
4.628303107193217e+000	-8.429035e-002	9.941636e-001
4.638543107192829e+000	-7.410592e-002	9.949644e-001
4.648783107192442e+000	-6.391383e-002	9.956609e-001
4.659023107192054e+000	-5.371514e-002	9.962530e-001
4.669263107191666e+000	-4.351093e-002	9.967406e-001
4.679503107191279e+000	-3.330225e-002	9.971237e-001
4.689743107190891e+000	-2.309019e-002	9.974022e-001
4.699983107190503e+000	-1.287581e-002	9.975761e-001
4.710223107190116e+000	-2.660187e-003	9.976454e-001
4.720463107189728e+000	7.555611e-003	9.976102e-001
4.730703107189340e+000	1.777051e-002	9.974703e-001
4.740943107188953e+000	2.798345e-002	9.972258e-001
4.751183107188565e+000	3.819334e-002	9.968768e-001
4.761423107188177e+000	4.839912e-002	9.964232e-001
4.771663107187790e+000	5.859973e-002	9.958652e-001
4.781903107187402e+000	6.879409e-002	9.952027e-001
4.792143107187014e+000	7.898112e-002	9.944359e-001
4.802383107186627e+000	8.915978e-002	9.935648e-001
4.812623107186239e+000	9.932898e-002	9.925896e-001
4.822863107185851e+000	1.094877e-001	9.915103e-001
4.833103107185464e+000	1.196348e-001	9.903270e-001
4.843343107185076e+000	1.297692e-001	9.890399e-001
4.853583107184688e+000	1.398899e-001	9.876491e-001
4.863823107184301e+000	1.499959e-001	9.861548e-001
4.874063107183913e+000	1.600860e-001	9.845571e-001
4.884303107183525e+000	1.701593e-001	9.828562e-001
4.894543107183138e+000	1.802146e-001	9.810522e-001
4.904783107182750e+000	1.902509e-001	9.791453e-001
4.915023107182362e+000	2.002671e-001	9.771358e-001
4.925263107181975e+000	2.102623e-001	9.750239e-001
4.935503107181587e+000	2.202353e-001	9.728098e-001
4.945743107181199e+000	2.301851e-001	9.704936e-001
4.955983107180812e+000	2.401106e-001	9.680758e-001
4.966223107180424e+000	2.500109e-001	9.655564e-001
4.976463107180036e+000	2.598849e-001	9.629359e-001
4.986703107179649e+000	2.697315e-001	9.602144e-001
4.996943107179261e+000	2.795497e-001	9.573922e-001
5.007183107178873e+000	2.893385e-001	9.544697e-001
5.017423107178486e+000	2.990969e-001	9.514471e-001
5.027663107178098e+000	3.088238e-001	9.483248e-001
5.037903107177710e+000	3.185183e-001	9.451031e-001
5.048143107177323e+000	3.281792e-001	9.417823e-001
5.058383107176935e+000	3.378056e-001	9.383628e-001
5.068623107176547e+000	3.473966e-001	9.348450e-001
5.078863107176160e+000	3.569509e-001	9.312291e-001
5.089103107175772e+000	3.664678e-001	9.275156e-001
5.099343107175384e+000	3.759461e-001	9.237050e-001
5.109583107174997e+000	3.853849e-001	9.197975e-001
5.119823107174609e+000	3.947832e-001	9.157936e-001
5.130063107174221e+000	4.041401e-001	9.116937e-001
5.140303107173834e+000	4.134544e-001	9.074983e-001
5.150543107173446e+000	4.227253e-001	9.032077e-001
5.160783107173058e+000	4.319518e-001	8.988225e-001
5.171023107172671e+000	4.411329e-001	8.943431e-001
5.181263107172283e+000	4.502676e-001	8.897700e-001
5.191503107171895e+000	4.593550e-001	8.851036e-001
5.201743107171508e+000	4.683942e-001	8.803444e-001
5.211983107171120e+000	4.773842e-001	8.754930e-001
5.222223107170732e+000	4.863240e-001	8.705498e-001
5.232463107170345e+000	4.952127e-001	8.655154e-001
5.242703107169957e+000	5.040494e-001	8.603903e-001
5.252943107169569e+000	5.128332e-001	8.551751e-001
5.263183107169182e+000	5.215631e-001	8.498701e-001
5.273423107168794e+000	5.302383e-001	8.444762e-001
5.283663107168406e+000	5.388577e-001	8.389938e-001
5.293903107168019e+000	5.474206e-001	8.334234e-001
5.304143107167631e+000	5.559259e-001	8.277658e-001
5.314383107167243e+000	5.643729e-001	8.220213e-001
5.324623107166856e+000	5.727606e-001	8.161908e-001
5.334863107166468e+000	5.810882e-001	8.102747e-001
5.345103107166080e+000	5.893548e-001	8.042737e-001
5.355343107165693e+000	5.975594e-001	7.981884e-001
5.365583107165305e+000	6.057013e-001	7.920195e-001
5.375823107164917e+000	6.137797e-001	7.857677e-001
5.386063107164530e+000	6.217936e-001	7.794334e-001
5.396303107164142e+000	6.297422e-001	7.730176e-001
5.406543107163754e+000	6.376247e-001	7.665207e-001
5.416783107163367e+000	6.454403e-001	7.599435e-001
5.427023107162979e+000	6.531881e-001	7.532868e-001
5.437263107162591e+000	6.608673e-001	7.465511e-001
5.447503107162204e+000	6.684772e-001	7.397372e-001
5.457743107161816e+000	6.760169e-001	7.328457e-001
5.467983107161428e+000	6.834856e-001	7.258776e-001
5.478223107161041e+000	6.908826e-001	7.188333e-001
5.488463107160653e+000	6.982071e-001	7.117138e-001
5.498703107160265e+000	7.054582e-001	7.045197e-001
5.508943107159878e+000	7.126353e-001	6.972519e-001
5.519183107159490e+000	7.197377e-001	6.899109e-001
5.529423107159103e+000	7.267645e-001	6.824977e-001
5.539663107158715e+000	7.337150e-001	6.750131e-001
5.549903107158327e+000	7.405885e-001	6.674577e-001
5.560143107157940e+000	7.473843e-001	6.598324e-001
5.570383107157552e+000	7.541016e-001	6.521381e-001
5.580623107157164e+000	7.607399e-001	6.443753e-001
5.590863107156777e+000	7.672982e-001	6.365452e-001
5.601103107156389e+000	7.737761e-001	6.286483e-001
5.611343107156001e+000	7.801727e-001	6.206856e-001
5.621583107155614e+000	7.864875e-001	6.126580e-001
5.631823107155226e+000	7.927197e-001	6.045661e-001
5.642063107154838e+000	7.988688e-001	5.964109e-001
5.652303107154451e+000	8.049340e-001	5.881934e-001
5.662543107154063e+000	8.109148e-001	5.799142e-001
5.672783107153675e+000	8.168104e-001	5.715742e-001
5.683023107153288e+000	8.226204e-001	5.631744e-001
5.693263107152900e+000	8.283440e-001	5.547157e-001
5.703503107152512e+000	8.339808e-001	5.461989e-001
5.713743107152125e+000	8.395301e-001	5.376249e-001
5.723983107151737e+000	8.449911e-001	5.289946e-001
5.734223107151349e+000	8.503637e-001	5.203090e-001
5.744463107150962e+000	8.556469e-001	5.115688e-001
5.754703107150574e+000	8.608404e-001	5.027751e-001
5.764943107150186e+000	8.659436e-001	4.939288e-001
5.775183107149799e+000	8.709559e-001	4.850308e-001
5.785423107149411e+000	8.758768e-001	4.760820e-001
5.795663107149023e+000	8.807059e-001	4.670834e-001
5.805903107148636e+000	8.854425e-001	4.580359e-001
5.816143107148248e+000	8.900863e-001	4.489405e-001
5.826383107147860e+000	8.946367e-001	4.397981e-001
5.836623107147473e+000	8.990932e-001	4.306096e-001
5.846863107147085e+000	9.034554e-001	4.213761e-001
5.857103107146697e+000	9.077228e-001	4.120986e-001
5.867343107146310e+000	9.118950e-001	4.027779e-001
5.877583107145922e+000	9.159716e-001	3.934150e-001
5.887823107145534e+000	9.199520e-001	3.840110e-001
5.898063107145147e+000	9.238360e-001	3.745669e-001
5.908303107144759e+000	9.276230e-001	3.650835e-001
5.918543107144371e+000	9.313127e-001	3.555620e-001
5.928783107143984e+000	9.349048e-001	3.460033e-001
5.939023107143596e+000	9.383988e-001	3.364084e-001
5.949263107143208e+000	9.417943e-001	3.267784e-001
5.959503107142821e+000	9.450911e-001	3.171141e-001
5.969743107142433e+000	9.482887e-001	3.074167e-001
5.979983107142045e+000	9.513869e-001	2.976872e-001
5.990223107141658e+000	9.543852e-001	2.879266e-001
6.000463107141270e+000	9.572835e-001	2.781358e-001
6.010703107140882e+000	9.600813e-001	2.683160e-001
6.020943107140495e+000	9.627785e-001	2.584682e-001
6.031183107140107e+000	9.653747e-001	2.485934e-001
6.041423107139719e+000	9.678696e-001	2.386926e-001
6.051663107139332e+000	9.702631e-001	2.287669e-001
6.061903107138944e+000	9.725547e-001	2.188173e-001
6.072143107138556e+000	9.747443e-001	2.088448e-001
6.082383107138169e+000	9.768317e-001	1.988506e-001
6.092623107137781e+000	9.788167e-001	1.888356e-001
6.102863107137393e+000	9.806991e-001	1.788009e-001
6.113103107137006e+000	9.824785e-001	1.687476e-001
6.123343107136618e+000	9.841549e-001	1.586766e-001
6.133583107136230e+000	9.857281e-001	1.485892e-001
6.143823107135843e+000	9.871980e-001	1.384862e-001
6.154063107135455e+000	9.885643e-001	1.283689e-001
6.164303107135067e+000	9.898269e-001	1.182382e-001
6.174543107134680e+000	9.909858e-001	1.080952e-001
6.184783107134292e+000	9.920407e-001	9.794091e-002
6.195023107133904e+000	9.929916e-001	8.777651e-002
6.205263107133517e+000	9.938383e-001	7.760300e-002
6.215503107133129e+000	9.945809e-001	6.742147e-002
6.225743107132741e+000	9.952191e-001	5.723296e-002
6.235983107132354e+000	9.957529e-001	4.703856e-002
6.246223107131966e+000	9.961824e-001	3.683934e-002
6.256463107131578e+000	9.965074e-001	2.663635e-002
6.266703107131191e+000	9.967279e-001	1.643068e-002
6.276943107130803e+000	9.968439e-001	6.223382e-003
6.283183107130567e+000	9.968634e-001	2.976057e-006
6.283185307179590e+000	9.968634e-001	7.828930e-007
