time	V(n001)	V(n002)	V(n003)	V(n004)	I(L1)	I(L2)	I(R1)	I(R2)	I(R3)	I(R4)
0.000000000000000e+000	1.000000e+000	0.000000e+000	0.000000e+000	0.000000e+000	1.000000e-012	0.000000e+000	1.000000e+000	0.000000e+000	0.000000e+000	0.000000e+000
9.999999717180685e-010	8.125000e-001	8.339583e-011	-1.875000e-001	8.339583e-011	7.508125e-010	-2.501875e-010	8.125000e-001	1.667917e-010	-5.625000e-001	3.335833e-010
1.999999943436137e-009	7.500000e-001	1.667500e-010	-2.500000e-001	1.667500e-010	1.500750e-009	-5.002500e-010	7.500000e-001	3.335000e-010	-7.500000e-001	6.670000e-010
2.396746789358228e-003	7.483529e-001	2.008940e-004	-2.498492e-001	1.982553e-004	1.794097e-003	-5.992873e-004	7.483529e-001	4.017881e-004	-7.495477e-001	7.930214e-004
4.793491578716512e-003	7.467068e-001	4.033270e-004	-2.496972e-001	3.945239e-004	3.583417e-003	-1.198668e-003	7.467068e-001	8.066539e-004	-7.490915e-001	1.578095e-003
7.190236368074796e-003	7.450616e-001	6.072990e-004	-2.495438e-001	5.888057e-004	5.367963e-003	-1.798142e-003	7.450616e-001	1.214598e-003	-7.486314e-001	2.355223e-003
9.586981157433080e-003	7.434174e-001	8.128101e-004	-2.493891e-001	7.811009e-004	7.147735e-003	-2.397711e-003	7.434174e-001	1.625620e-003	-7.481674e-001	3.124404e-003
1.198372594679137e-002	7.417741e-001	1.019860e-003	-2.492332e-001	9.714095e-004	8.922732e-003	-2.997373e-003	7.417741e-001	2.039721e-003	-7.476995e-001	3.885638e-003
1.438047073614965e-002	7.401318e-001	1.228450e-003	-2.490759e-001	1.159731e-003	1.069295e-002	-3.597129e-003	7.401318e-001	2.456899e-003	-7.472277e-001	4.638925e-003
1.677721552550793e-002	7.384905e-001	1.438578e-003	-2.489173e-001	1.346067e-003	1.245840e-002	-4.196980e-003	7.384905e-001	2.877156e-003	-7.467519e-001	5.384266e-003
2.654284052550793e-002	7.318100e-001	2.305498e-003	-2.482617e-001	2.091048e-003	1.961657e-002	-6.641380e-003	7.318100e-001	4.610996e-003	-7.447852e-001	8.364190e-003
3.630846552550793e-002	7.251444e-001	3.194137e-003	-2.475872e-001	2.807222e-003	2.670352e-002	-9.086357e-003	7.251444e-001	6.388275e-003	-7.427616e-001	1.122889e-002
4.607409052550793e-002	7.184944e-001	4.104627e-003	-2.468932e-001	3.493968e-003	3.371660e-002	-1.153148e-002	7.184944e-001	8.209254e-003	-7.406795e-001	1.397587e-002
5.583971552550793e-002	7.118603e-001	5.036274e-003	-2.461799e-001	4.151736e-003	4.065576e-002	-1.397627e-002	7.118603e-001	1.007255e-002	-7.385398e-001	1.660694e-002
6.560534052550793e-002	7.052425e-001	5.988398e-003	-2.454477e-001	4.780972e-003	4.752095e-002	-1.642026e-002	7.052425e-001	1.197680e-002	-7.363431e-001	1.912389e-002
7.537096552550793e-002	6.986413e-001	6.960324e-003	-2.446968e-001	5.382119e-003	5.431212e-002	-1.886300e-002	6.986413e-001	1.392065e-002	-7.340904e-001	2.152848e-002
9.490221552550793e-002	6.854899e-001	8.960939e-003	-2.431398e-001	6.501899e-003	6.767236e-002	-2.374289e-002	6.854899e-001	1.792188e-002	-7.294194e-001	2.600760e-002
1.144334655255079e-001	6.724085e-001	1.103291e-002	-2.415108e-001	7.514543e-003	8.073638e-002	-2.861239e-002	6.724085e-001	2.206582e-002	-7.245325e-001	3.005817e-002
1.339647155255079e-001	6.593996e-001	1.317118e-002	-2.398119e-001	8.423459e-003	9.350424e-002	-3.346805e-002	6.593996e-001	2.634235e-002	-7.194358e-001	3.369384e-002
1.534959655255079e-001	6.464656e-001	1.537081e-002	-2.380451e-001	9.231994e-003	1.059761e-001	-3.830654e-002	6.464656e-001	3.074162e-002	-7.141352e-001	3.692798e-002
1.827928405255079e-001	6.272100e-001	1.877487e-002	-2.352716e-001	1.026376e-002	1.241298e-001	-4.552503e-002	6.272100e-001	3.754973e-002	-7.058147e-001	4.105505e-002
2.120897155255079e-001	6.081356e-001	2.229064e-002	-2.323562e-001	1.108792e-002	1.416201e-001	-5.268711e-002	6.081356e-001	4.458129e-002	-6.970686e-001	4.435168e-002
2.413865905255079e-001	5.892500e-001	2.590319e-002	-2.293055e-001	1.171503e-002	1.584493e-001	-5.978282e-002	5.892500e-001	5.180638e-002	-6.879165e-001	4.686012e-002
2.706834655255079e-001	5.705601e-001	2.959822e-002	-2.261260e-001	1.215537e-002	1.746206e-001	-6.680265e-002	5.705601e-001	5.919644e-002	-6.783780e-001	4.862148e-002
2.999803405255079e-001	5.520729e-001	3.336206e-002	-2.228242e-001	1.241893e-002	1.901375e-001	-7.373762e-002	5.520729e-001	6.672412e-002	-6.684728e-001	4.967572e-002
3.292772155255079e-001	5.337950e-001	3.718167e-002	-2.194067e-001	1.251542e-002	2.050042e-001	-8.057920e-002	5.337950e-001	7.436334e-002	-6.582201e-001	5.006169e-002
3.585740905255079e-001	5.157328e-001	4.104461e-002	-2.158797e-001	1.245428e-002	2.192257e-001	-8.731933e-002	5.157328e-001	8.208922e-002	-6.476392e-001	4.981712e-002
3.878709655255079e-001	4.978924e-001	4.493901e-002	-2.122497e-001	1.224467e-002	2.328071e-001	-9.395044e-002	4.978924e-001	8.987802e-002	-6.367491e-001	4.897866e-002
4.171678405255079e-001	4.802674e-001	4.887705e-002	-2.085079e-001	1.187556e-002	2.457358e-001	-1.004794e-001	4.802674e-001	9.775410e-002	-6.255237e-001	4.750222e-002
4.464647155255079e-001	4.628878e-001	5.280061e-002	-2.046905e-001	1.139563e-002	2.580549e-001	-1.068711e-001	4.628878e-001	1.056012e-001	-6.140716e-001	4.558252e-002
4.757615905255079e-001	4.457538e-001	5.670970e-002	-2.007976e-001	1.080489e-002	2.697644e-001	-1.131254e-001	4.457538e-001	1.134194e-001	-6.023927e-001	4.321957e-002
5.050584655255079e-001	4.288652e-001	6.060431e-002	-1.968291e-001	1.010334e-002	2.808644e-001	-1.192424e-001	4.288652e-001	1.212086e-001	-5.904871e-001	4.041335e-002
5.343553405255079e-001	4.122221e-001	6.448444e-002	-1.927849e-001	9.290971e-003	2.913548e-001	-1.252220e-001	4.122221e-001	1.289689e-001	-5.783548e-001	3.716388e-002
5.636522155255079e-001	3.958244e-001	6.835009e-002	-1.886653e-001	8.367790e-003	3.012357e-001	-1.310643e-001	3.958244e-001	1.367002e-001	-5.659958e-001	3.347116e-002
5.929490905255079e-001	3.796723e-001	7.220127e-002	-1.844700e-001	7.333794e-003	3.105069e-001	-1.367692e-001	3.796723e-001	1.444025e-001	-5.534101e-001	2.933517e-002
6.222459655255079e-001	3.637923e-001	7.598611e-002	-1.802342e-001	6.234545e-003	3.192169e-001	-1.423065e-001	3.637923e-001	1.519722e-001	-5.407027e-001	2.493818e-002
6.515428405255079e-001	3.481767e-001	7.971970e-002	-1.759488e-001	5.057565e-003	3.273551e-001	-1.476855e-001	3.481767e-001	1.594394e-001	-5.278463e-001	2.023026e-002
6.808397155255079e-001	3.328286e-001	8.339527e-002	-1.716190e-001	3.809487e-003	3.349310e-001	-1.529025e-001	3.328286e-001	1.667905e-001	-5.148571e-001	1.523795e-002
7.101365905255079e-001	3.177514e-001	8.700645e-002	-1.672504e-001	2.496709e-003	3.419542e-001	-1.579545e-001	3.177514e-001	1.740129e-001	-5.017511e-001	9.986835e-003
7.296678405255079e-001	3.078517e-001	8.937521e-002	-1.643189e-001	1.588635e-003	3.463342e-001	-1.612293e-001	3.078517e-001	1.787504e-001	-4.929567e-001	6.354539e-003
7.394334655255079e-001	3.029478e-001	9.054734e-002	-1.628480e-001	1.125400e-003	3.484347e-001	-1.628384e-001	3.029478e-001	1.810947e-001	-4.885441e-001	4.501602e-003
7.491990905255079e-001	2.980745e-001	9.171104e-002	-1.613740e-001	6.563253e-004	3.504761e-001	-1.644287e-001	2.980745e-001	1.834221e-001	-4.841219e-001	2.625301e-003
7.589647155255079e-001	2.932320e-001	9.286614e-002	-1.598969e-001	1.816242e-004	3.524586e-001	-1.659998e-001	2.932320e-001	1.857323e-001	-4.796908e-001	7.264969e-004
7.687303405255079e-001	2.884204e-001	9.401241e-002	-1.584171e-001	-2.984907e-004	3.543828e-001	-1.675519e-001	2.884204e-001	1.880248e-001	-4.752512e-001	-1.193963e-003
7.784959655255079e-001	2.836397e-001	9.514969e-002	-1.569346e-001	-7.838100e-004	3.562489e-001	-1.690848e-001	2.836397e-001	1.902994e-001	-4.708039e-001	-3.135240e-003
7.980272155255079e-001	2.741715e-001	9.739652e-002	-1.539625e-001	-1.769238e-003	3.598088e-001	-1.720927e-001	2.741715e-001	1.947930e-001	-4.618876e-001	-7.076951e-003
8.273240905255079e-001	2.602033e-001	1.006950e-001	-1.494893e-001	-3.281330e-003	3.647234e-001	-1.764588e-001	2.602033e-001	2.013899e-001	-4.484679e-001	-1.312532e-002
8.566209655255079e-001	2.465150e-001	1.039112e-001	-1.449913e-001	-4.840920e-003	3.691090e-001	-1.806503e-001	2.465150e-001	2.078225e-001	-4.349738e-001	-1.936368e-002
8.859178405255079e-001	2.331134e-001	1.070252e-001	-1.404948e-001	-6.419835e-003	3.730334e-001	-1.846624e-001	2.331134e-001	2.140504e-001	-4.214845e-001	-2.567934e-002
9.152147155255079e-001	2.199985e-001	1.100369e-001	-1.360000e-001	-8.018077e-003	3.764966e-001	-1.884951e-001	2.199985e-001	2.200738e-001	-4.079999e-001	-3.207231e-002
9.445115905255079e-001	2.071701e-001	1.129463e-001	-1.315067e-001	-9.635645e-003	3.794985e-001	-1.921485e-001	2.071701e-001	2.258926e-001	-3.945201e-001	-3.854258e-002
9.738084655255079e-001	1.946284e-001	1.157534e-001	-1.270150e-001	-1.127254e-002	3.820391e-001	-1.956225e-001	1.946284e-001	2.315068e-001	-3.810450e-001	-4.509016e-002
1.003105340525508e+000	1.823732e-001	1.184582e-001	-1.225248e-001	-1.292876e-002	3.841185e-001	-1.989172e-001	1.823732e-001	2.369164e-001	-3.675746e-001	-5.171504e-002
1.032402215525508e+000	1.704047e-001	1.210607e-001	-1.180363e-001	-1.460431e-002	3.857367e-001	-2.020325e-001	1.704047e-001	2.421214e-001	-3.541089e-001	-5.841723e-002
1.084020519096937e+000	1.500365e-001	1.253702e-001	-1.101444e-001	-1.758591e-002	3.874600e-001	-2.070632e-001	1.500365e-001	2.507404e-001	-3.304333e-001	-7.034362e-002
1.135638822668365e+000	1.305506e-001	1.293140e-001	-1.023659e-001	-2.052019e-002	3.881030e-001	-2.115558e-001	1.305506e-001	2.586279e-001	-3.070978e-001	-8.208075e-002
1.187257126239794e+000	1.119470e-001	1.328919e-001	-9.470076e-002	-2.340716e-002	3.876658e-001	-2.155105e-001	1.119470e-001	2.657839e-001	-2.841023e-001	-9.362863e-002
1.238875429811222e+000	9.422580e-002	1.361041e-001	-8.714895e-002	-2.624681e-002	3.861482e-001	-2.189272e-001	9.422580e-002	2.722083e-001	-2.614468e-001	-1.049872e-001
1.290493733382651e+000	7.738692e-002	1.389506e-001	-7.971049e-002	-2.903915e-002	3.835503e-001	-2.218058e-001	7.738692e-002	2.779011e-001	-2.391314e-001	-1.161566e-001
1.342112036954080e+000	6.143037e-002	1.414312e-001	-7.238538e-002	-3.178418e-002	3.798722e-001	-2.241465e-001	6.143037e-002	2.828624e-001	-2.171561e-001	-1.271367e-001
1.393730340525508e+000	4.635617e-002	1.435461e-001	-6.517361e-002	-3.448189e-002	3.751138e-001	-2.259491e-001	4.635617e-002	2.870922e-001	-1.955208e-001	-1.379275e-001
1.420237036954079e+000	3.894257e-002	1.444858e-001	-6.155076e-002	-3.581548e-002	3.723955e-001	-2.266858e-001	3.894257e-002	2.889716e-001	-1.846523e-001	-1.432619e-001
1.446743733382651e+000	3.174702e-002	1.453318e-001	-5.797684e-002	-3.712003e-002	3.694808e-001	-2.272972e-001	3.174702e-002	2.906636e-001	-1.739305e-001	-1.484801e-001
1.473250429811222e+000	2.476952e-002	1.460841e-001	-5.445187e-002	-3.839553e-002	3.663695e-001	-2.277835e-001	2.476952e-002	2.921683e-001	-1.633556e-001	-1.535821e-001
1.499757126239794e+000	1.801006e-002	1.467427e-001	-5.097583e-002	-3.964200e-002	3.630618e-001	-2.281444e-001	1.801006e-002	2.934855e-001	-1.529275e-001	-1.585680e-001
1.526263822668365e+000	1.146866e-002	1.473076e-001	-4.754874e-002	-4.085942e-002	3.595577e-001	-2.283801e-001	1.146866e-002	2.946153e-001	-1.426462e-001	-1.634377e-001
1.552770519096937e+000	5.145314e-003	1.477788e-001	-4.417059e-002	-4.204781e-002	3.558571e-001	-2.284906e-001	5.145314e-003	2.955577e-001	-1.325118e-001	-1.681912e-001
1.579277215525508e+000	-9.599852e-004	1.481563e-001	-4.084137e-002	-4.320715e-002	3.519599e-001	-2.284758e-001	-9.599852e-004	2.963127e-001	-1.225241e-001	-1.728286e-001
1.589042840525508e+000	-3.157936e-003	1.482735e-001	-3.962950e-002	-4.362513e-002	3.504890e-001	-2.284425e-001	-3.157936e-003	2.965470e-001	-1.188885e-001	-1.745005e-001
1.598808465525508e+000	-5.327403e-003	1.483784e-001	-3.842495e-002	-4.403865e-002	3.489957e-001	-2.283934e-001	-5.327403e-003	2.967569e-001	-1.152749e-001	-1.761546e-001
1.618339715525508e+000	-9.581351e-003	1.485520e-001	-3.603801e-002	-4.485215e-002	3.459434e-001	-2.282480e-001	-9.581351e-003	2.971040e-001	-1.081140e-001	-1.794086e-001
1.647636590525508e+000	-1.575159e-002	1.487225e-001	-3.251380e-002	-4.603802e-002	3.412068e-001	-2.279138e-001	-1.575159e-002	2.974451e-001	-9.754141e-002	-1.841521e-001
1.676933465525508e+000	-2.167191e-002	1.487869e-001	-2.905821e-002	-4.718179e-002	3.362899e-001	-2.274433e-001	-2.167191e-002	2.975737e-001	-8.717465e-002	-1.887272e-001
1.707625429811222e+000	-2.759915e-002	1.487361e-001	-2.551054e-002	-4.833537e-002	3.309286e-001	-2.267978e-001	-2.759915e-002	2.974723e-001	-7.653163e-002	-1.933415e-001
1.738317394096937e+000	-3.327038e-002	1.485793e-001	-2.204343e-002	-4.943949e-002	3.254206e-001	-2.260199e-001	-3.327038e-002	2.971586e-001	-6.613030e-002	-1.977580e-001
1.769009358382651e+000	-3.868558e-002	1.483164e-001	-1.865688e-002	-5.049415e-002	3.197660e-001	-2.251098e-001	-3.868558e-002	2.966328e-001	-5.597065e-002	-2.019766e-001
1.799701322668365e+000	-4.384477e-002	1.479474e-001	-1.535089e-002	-5.149933e-002	3.139647e-001	-2.240672e-001	-4.384477e-002	2.958948e-001	-4.605268e-002	-2.059973e-001
1.830393286954079e+000	-4.874793e-002	1.474723e-001	-1.212547e-002	-5.245506e-002	3.080167e-001	-2.228924e-001	-4.874793e-002	2.949446e-001	-3.637640e-002	-2.098202e-001
1.861085251239794e+000	-5.339508e-002	1.468911e-001	-8.980602e-003	-5.336132e-002	3.019221e-001	-2.215852e-001	-5.339508e-002	2.937821e-001	-2.694180e-002	-2.134453e-001
1.891777215525508e+000	-5.778621e-002	1.462038e-001	-5.916297e-003	-5.421811e-002	2.956809e-001	-2.201458e-001	-5.778621e-002	2.924075e-001	-1.774889e-002	-2.168724e-001
1.901542840525508e+000	-5.913618e-002	1.459667e-001	-4.959437e-003	-5.447972e-002	2.936805e-001	-2.196660e-001	-5.913618e-002	2.919334e-001	-1.487831e-002	-2.179189e-001
1.911308465525508e+000	-6.046195e-002	1.457199e-001	-4.011028e-003	-5.473617e-002	2.916694e-001	-2.191744e-001	-6.046195e-002	2.914397e-001	-1.203308e-002	-2.189447e-001
1.921074090525508e+000	-6.176367e-002	1.454634e-001	-3.071083e-003	-5.498749e-002	2.896479e-001	-2.186710e-001	-6.176367e-002	2.909269e-001	-9.213248e-003	-2.199500e-001
1.940605340525508e+000	-6.429553e-002	1.449220e-001	-1.216649e-003	-5.547465e-002	2.855753e-001	-2.176298e-001	-6.429553e-002	2.898441e-001	-3.649947e-003	-2.218986e-001
1.950370965525508e+000	-6.552599e-002	1.446373e-001	-3.021869e-004	-5.571050e-002	2.835248e-001	-2.170922e-001	-6.552599e-002	2.892746e-001	-9.065607e-004	-2.228420e-001
1.960136590525508e+000	-6.673299e-002	1.443433e-001	6.037562e-004	-5.594120e-002	2.814652e-001	-2.165435e-001	-6.673299e-002	2.886865e-001	1.811269e-003	-2.237648e-001
1.969902215525508e+000	-6.791669e-002	1.440400e-001	1.501169e-003	-5.616673e-002	2.793969e-001	-2.159837e-001	-6.791669e-002	2.880801e-001	4.503508e-003	-2.246669e-001
1.989433465525508e+000	-7.021481e-002	1.434065e-001	3.270368e-003	-5.660234e-002	2.752353e-001	-2.148316e-001	-7.021481e-002	2.868131e-001	9.811103e-003	-2.264094e-001
2.018730340525508e+000	-7.349107e-002	1.423898e-001	5.859978e-003	-5.721714e-002	2.689351e-001	-2.130240e-001	-7.349107e-002	2.847797e-001	1.757994e-002	-2.288685e-001
2.094065161954080e+000	-8.081669e-002	1.393143e-001	1.214686e-002	-5.856312e-002	2.521904e-001	-2.078143e-001	-8.081669e-002	2.786286e-001	3.644057e-002	-2.342525e-001
2.169399983382651e+000	-8.706745e-002	1.358832e-001	1.793870e-002	-5.962878e-002	2.354579e-001	-2.022065e-001	-8.706745e-002	2.717665e-001	5.381609e-002	-2.385151e-001
2.244734804811222e+000	-9.224335e-002	1.320967e-001	2.323550e-002	-6.041412e-002	2.187375e-001	-1.962006e-001	-9.224335e-002	2.641933e-001	6.970650e-002	-2.416565e-001
2.320069626239794e+000	-9.634439e-002	1.279546e-001	2.803726e-002	-6.091914e-002	2.020292e-001	-1.897966e-001	-9.634439e-002	2.559091e-001	8.411179e-002	-2.436766e-001
2.395404447668365e+000	-9.937058e-002	1.234570e-001	3.234399e-002	-6.114383e-002	1.853331e-001	-1.829945e-001	-9.937058e-002	2.469139e-001	9.703198e-002	-2.445753e-001
2.470739269096937e+000	-1.013219e-001	1.186038e-001	3.615568e-002	-6.108821e-002	1.686492e-001	-1.757943e-001	-1.013219e-001	2.372077e-001	1.084670e-001	-2.443528e-001
2.546074090525508e+000	-1.021984e-001	1.133952e-001	3.947233e-002	-6.075225e-002	1.519774e-001	-1.681961e-001	-1.021984e-001	2.267904e-001	1.184170e-001	-2.430090e-001
2.583741501239794e+000	-1.023960e-001	1.107557e-001	4.096524e-002	-6.050276e-002	1.438756e-001	-1.643753e-001	-1.023960e-001	2.215113e-001	1.228957e-001	-2.420110e-001
2.621408911954080e+000	-1.024199e-001	1.080831e-001	4.235201e-002	-6.020059e-002	1.358899e-001	-1.605260e-001	-1.024199e-001	2.161662e-001	1.270560e-001	-2.408023e-001
2.659076322668365e+000	-1.022701e-001	1.053775e-001	4.363266e-002	-5.984574e-002	1.280202e-001	-1.566481e-001	-1.022701e-001	2.107551e-001	1.308980e-001	-2.393830e-001
2.696743733382651e+000	-1.019466e-001	1.026390e-001	4.480717e-002	-5.943822e-002	1.202666e-001	-1.527415e-001	-1.019466e-001	2.052779e-001	1.344215e-001	-2.377529e-001
2.734411144096937e+000	-1.014493e-001	9.986738e-002	4.587555e-002	-5.897802e-002	1.126291e-001	-1.488064e-001	-1.014493e-001	1.997348e-001	1.376267e-001	-2.359121e-001
2.772078554811222e+000	-1.007784e-001	9.706279e-002	4.683781e-002	-5.846515e-002	1.051076e-001	-1.448427e-001	-1.007784e-001	1.941256e-001	1.405134e-001	-2.338606e-001
2.809745965525508e+000	-9.993373e-002	9.422518e-002	4.769393e-002	-5.789961e-002	9.770228e-002	-1.408503e-001	-9.993373e-002	1.884504e-001	1.430818e-001	-2.315984e-001
2.829277215525508e+000	-9.944966e-002	9.275331e-002	4.810219e-002	-5.759088e-002	9.392729e-002	-1.387842e-001	-9.944966e-002	1.855066e-001	1.443066e-001	-2.303635e-001
2.848808465525508e+000	-9.892798e-002	9.127761e-002	4.848452e-002	-5.727020e-002	9.019098e-002	-1.367165e-001	-9.892798e-002	1.825552e-001	1.454535e-001	-2.290808e-001
2.878105340525508e+000	-9.807745e-002	8.905824e-002	4.901016e-002	-5.676737e-002	8.466078e-002	-1.336138e-001	-9.807745e-002	1.781165e-001	1.470305e-001	-2.270695e-001
2.945069626239794e+000	-9.574619e-002	8.391982e-002	4.996336e-002	-5.549588e-002	7.232640e-002	-1.264703e-001	-9.574619e-002	1.678396e-001	1.498901e-001	-2.219835e-001
3.012033911954080e+000	-9.315053e-002	7.882778e-002	5.067575e-002	-5.413307e-002	6.054013e-002	-1.194168e-001	-9.315053e-002	1.576556e-001	1.520273e-001	-2.165323e-001
3.078998197668365e+000	-9.029047e-002	7.378213e-002	5.114733e-002	-5.267894e-002	4.930196e-002	-1.124535e-001	-9.029047e-002	1.475643e-001	1.534420e-001	-2.107158e-001
3.145962483382651e+000	-8.716603e-002	6.878286e-002	5.137811e-002	-5.113351e-002	3.861190e-002	-1.055802e-001	-8.716603e-002	1.375657e-001	1.541343e-001	-2.045340e-001
3.212926769096937e+000	-8.377719e-002	6.382998e-002	5.136808e-002	-4.949675e-002	2.846994e-002	-9.879700e-002	-8.377719e-002	1.276600e-001	1.541043e-001	-1.979870e-001
3.279891054811222e+000	-8.012396e-002	5.892348e-002	5.111725e-002	-4.776869e-002	1.887609e-002	-9.210387e-002	-8.012396e-002	1.178470e-001	1.533518e-001	-1.910747e-001
3.346855340525508e+000	-7.620633e-002	5.406337e-002	5.062561e-002	-4.594931e-002	9.830337e-003	-8.550082e-002	-7.620633e-002	1.081267e-001	1.518768e-001	-1.837972e-001
3.376152215525508e+000	-7.448900e-002	5.198972e-002	5.036810e-002	-4.514869e-002	6.069132e-003	-8.268441e-002	-7.448900e-002	1.039794e-001	1.511043e-001	-1.805947e-001
3.395683465525508e+000	-7.333086e-002	5.061915e-002	5.017726e-002	-4.460980e-002	3.623443e-003	-8.082436e-002	-7.333086e-002	1.012383e-001	1.505318e-001	-1.784392e-001
3.405449090525508e+000	-7.274812e-002	4.993754e-002	5.007624e-002	-4.433892e-002	2.419138e-003	-7.989974e-002	-7.274812e-002	9.987507e-002	1.502287e-001	-1.773557e-001
3.415214715525508e+000	-7.216305e-002	4.925843e-002	4.997154e-002	-4.406711e-002	1.227191e-003	-7.897878e-002	-7.216305e-002	9.851687e-002	1.499146e-001	-1.762685e-001
3.424980340525508e+000	-7.157575e-002	4.858188e-002	4.986322e-002	-4.379442e-002	4.759941e-005	-7.806152e-002	-7.157575e-002	9.716376e-002	1.495897e-001	-1.751777e-001
3.434745965525508e+000	-7.098630e-002	4.790791e-002	4.975132e-002	-4.352087e-002	-1.119641e-003	-7.714802e-002	-7.098630e-002	9.581582e-002	1.492540e-001	-1.740835e-001
3.444511590525508e+000	-7.039483e-002	4.723657e-002	4.963589e-002	-4.324650e-002	-2.274534e-003	-7.623832e-002	-7.039483e-002	9.447314e-002	1.489077e-001	-1.729860e-001
3.464042840525508e+000	-6.920611e-002	4.590191e-002	4.939462e-002	-4.269539e-002	-4.547309e-003	-7.443045e-002	-6.920611e-002	9.180381e-002	1.481839e-001	-1.707816e-001
3.493339715525508e+000	-6.741003e-002	4.392052e-002	4.900742e-002	-4.186332e-002	-7.864076e-003	-7.174814e-002	-6.741003e-002	8.784105e-002	1.470222e-001	-1.674533e-001
3.565884358382651e+000	-6.283872e-002	3.910434e-002	4.788184e-002	-3.975387e-002	-1.556487e-002	-6.524194e-002	-6.283872e-002	7.820867e-002	1.436455e-001	-1.590155e-001
3.638429001239794e+000	-5.829256e-002	3.448153e-002	4.663979e-002	-3.764747e-002	-2.262956e-002	-5.899725e-002	-5.829256e-002	6.896306e-002	1.399194e-001	-1.505899e-001
3.710973644096937e+000	-5.377155e-002	3.005210e-002	4.528126e-002	-3.554410e-002	-2.905814e-002	-5.301407e-002	-5.377155e-002	6.010420e-002	1.358438e-001	-1.421764e-001
3.783518286954080e+000	-4.927570e-002	2.581605e-002	4.380624e-002	-3.344378e-002	-3.485062e-002	-4.729240e-002	-4.927570e-002	5.163211e-002	1.314187e-001	-1.337751e-001
3.856062929811222e+000	-4.480500e-002	2.177338e-002	4.221475e-002	-3.134650e-002	-4.000700e-002	-4.183223e-002	-4.480500e-002	4.354677e-002	1.266442e-001	-1.253860e-001
3.928607572668365e+000	-4.035946e-002	1.792410e-002	4.050677e-002	-2.925226e-002	-4.452728e-002	-3.663358e-002	-4.035946e-002	3.584819e-002	1.215203e-001	-1.170090e-001
4.001152215525508e+000	-3.593907e-002	1.426819e-002	3.868232e-002	-2.716107e-002	-4.841145e-002	-3.169643e-002	-3.593907e-002	2.853637e-002	1.160470e-001	-1.086443e-001
4.049980340525508e+000	-3.305647e-002	1.193975e-002	3.743807e-002	-2.578431e-002	-5.071324e-002	-2.854450e-002	-3.305647e-002	2.387951e-002	1.123142e-001	-1.031373e-001
4.098808465525508e+000	-3.023963e-002	9.708978e-003	3.618112e-002	-2.443042e-002	-5.278428e-002	-2.551945e-002	-3.023963e-002	1.941796e-002	1.085434e-001	-9.772168e-002
4.147636590525508e+000	-2.748855e-002	7.575863e-003	3.491145e-002	-2.309938e-002	-5.462456e-002	-2.262126e-002	-2.748855e-002	1.515173e-002	1.047344e-001	-9.239754e-002
4.196464715525508e+000	-2.480323e-002	5.540407e-003	3.362908e-002	-2.179121e-002	-5.623408e-002	-1.984994e-002	-2.480323e-002	1.108081e-002	1.008872e-001	-8.716482e-002
4.245292840525508e+000	-2.218366e-002	3.602611e-003	3.233399e-002	-2.050589e-002	-5.761284e-002	-1.720549e-002	-2.218366e-002	7.205222e-003	9.700199e-002	-8.202355e-002
4.294120965525508e+000	-1.962985e-002	1.762474e-003	3.102620e-002	-1.924342e-002	-5.876084e-002	-1.468791e-002	-1.962985e-002	3.524948e-003	9.307860e-002	-7.697370e-002
4.342949090525508e+000	-1.714180e-002	1.999718e-005	2.970570e-002	-1.800382e-002	-5.967809e-002	-1.229720e-002	-1.714180e-002	3.999435e-005	8.911709e-002	-7.201529e-002
4.352714715525508e+000	-1.665548e-002	-3.170340e-004	2.944340e-002	-1.776016e-002	-5.984108e-002	-1.183364e-002	-1.665548e-002	-6.340679e-004	8.833020e-002	-7.104065e-002
4.362480340525508e+000	-1.617231e-002	-6.502254e-004	2.918113e-002	-1.751766e-002	-5.999606e-002	-1.137502e-002	-1.617231e-002	-1.300451e-003	8.754340e-002	-7.007063e-002
4.382011590525508e+000	-1.521552e-002	-1.305119e-003	2.865678e-002	-1.703615e-002	-6.028228e-002	-1.047255e-002	-1.521552e-002	-2.610239e-003	8.597036e-002	-6.814459e-002
4.411308465525508e+000	-1.380449e-002	-2.258859e-003	2.787111e-002	-1.632278e-002	-6.065326e-002	-9.155590e-003	-1.380449e-002	-4.517718e-003	8.361334e-002	-6.529114e-002
4.440605340525508e+000	-1.242289e-002	-3.178488e-003	2.708706e-002	-1.562033e-002	-6.095588e-002	-7.882400e-003	-1.242289e-002	-6.356976e-003	8.126117e-002	-6.248131e-002
4.469902215525508e+000	-1.107042e-002	-4.063431e-003	2.630384e-002	-1.492856e-002	-6.118733e-002	-6.653768e-003	-1.107042e-002	-8.126863e-003	7.891152e-002	-5.971423e-002
4.499199090525508e+000	-9.749054e-003	-4.915617e-003	2.552496e-002	-1.424864e-002	-6.135883e-002	-5.466977e-003	-9.749054e-003	-9.831235e-003	7.657487e-002	-5.699458e-002
4.528495965525508e+000	-8.458782e-003	-5.735046e-003	2.475040e-002	-1.358058e-002	-6.147040e-002	-4.322027e-003	-8.458782e-003	-1.147009e-002	7.425121e-002	-5.432234e-002
4.557792840525508e+000	-7.199608e-003	-6.521718e-003	2.398019e-002	-1.292438e-002	-6.152204e-002	-3.218917e-003	-7.199608e-003	-1.304344e-002	7.194056e-002	-5.169752e-002
4.587089715525508e+000	-5.971531e-003	-7.275633e-003	2.321430e-002	-1.228003e-002	-6.151373e-002	-2.157648e-003	-5.971531e-003	-1.455127e-002	6.964291e-002	-4.912011e-002
4.616386590525508e+000	-4.774553e-003	-7.996791e-003	2.245276e-002	-1.164753e-002	-6.144549e-002	-1.138220e-003	-4.774553e-003	-1.599358e-002	6.735827e-002	-4.659013e-002
4.645683465525508e+000	-3.608673e-003	-8.685192e-003	2.169554e-002	-1.102689e-002	-6.131732e-002	-1.606319e-004	-3.608673e-003	-1.737038e-002	6.508662e-002	-4.410756e-002
4.655449090525508e+000	-3.227346e-003	-8.907938e-003	2.144495e-002	-1.082290e-002	-6.126419e-002	1.567035e-004	-3.227346e-003	-1.781588e-002	6.433484e-002	-4.329161e-002
4.665214715525508e+000	-2.849569e-003	-9.127204e-003	2.119506e-002	-1.062030e-002	-6.120520e-002	4.696067e-004	-2.849569e-003	-1.825441e-002	6.358517e-002	-4.248119e-002
4.674980340525508e+000	-2.475344e-003	-9.343004e-003	2.094589e-002	-1.041908e-002	-6.114042e-002	7.780982e-004	-2.475344e-003	-1.868601e-002	6.283767e-002	-4.167632e-002
4.694511590525508e+000	-1.737570e-003	-9.764266e-003	2.044979e-002	-1.002082e-002	-6.099374e-002	1.381930e-003	-1.737570e-003	-1.952853e-002	6.134938e-002	-4.008328e-002
4.714042840525508e+000	-1.014054e-003	-1.017185e-002	1.995680e-002	-9.628158e-003	-6.082470e-002	1.968366e-003	-1.014054e-003	-2.034371e-002	5.987039e-002	-3.851263e-002
4.723808465525508e+000	-6.576494e-004	-1.037056e-002	1.971150e-002	-9.433934e-003	-6.073197e-002	2.255115e-003	-6.576494e-004	-2.074112e-002	5.913450e-002	-3.773573e-002
4.733574090525508e+000	-3.048166e-004	-1.056589e-002	1.946703e-002	-9.241119e-003	-6.063384e-002	2.537580e-003	-3.048166e-004	-2.113179e-002	5.840108e-002	-3.696448e-002
4.743339715525508e+000	4.444298e-005	-1.075787e-002	1.922339e-002	-9.049718e-003	-6.053040e-002	2.815783e-003	4.444298e-005	-2.151575e-002	5.767018e-002	-3.619887e-002
4.753105340525508e+000	3.901280e-004	-1.094652e-002	1.898061e-002	-8.859733e-003	-6.042171e-002	3.089745e-003	3.901280e-004	-2.189304e-002	5.694184e-002	-3.543893e-002
4.772636590525508e+000	1.070772e-003	-1.131386e-002	1.849768e-002	-8.484021e-003	-6.018885e-002	3.625040e-003	1.070772e-003	-2.262773e-002	5.549303e-002	-3.393608e-002
4.792167840525508e+000	1.737115e-003	-1.166806e-002	1.801834e-002	-8.114004e-003	-5.993579e-002	4.143645e-003	1.737115e-003	-2.333613e-002	5.405503e-002	-3.245601e-002
4.821464715525508e+000	2.709827e-003	-1.217503e-002	1.730634e-002	-7.569695e-003	-5.951950e-002	4.890659e-003	2.709827e-003	-2.435006e-002	5.191901e-002	-3.027878e-002
4.881453554811222e+000	4.596523e-003	-1.311228e-002	1.587073e-002	-6.496044e-003	-5.850098e-002	6.292251e-003	4.596523e-003	-2.622455e-002	4.761220e-002	-2.598417e-002
4.941442394096937e+000	6.353889e-003	-1.394462e-002	1.448025e-002	-5.476351e-003	-5.735564e-002	7.560999e-003	6.353889e-003	-2.788924e-002	4.344076e-002	-2.190540e-002
5.001431233382651e+000	7.981925e-003	-1.467207e-002	1.313489e-002	-4.510617e-003	-5.608350e-002	8.696904e-003	7.981925e-003	-2.934413e-002	3.940468e-002	-1.804247e-002
5.061420072668366e+000	9.480632e-003	-1.529461e-002	1.183465e-002	-3.598842e-003	-5.468455e-002	9.699965e-003	9.480632e-003	-3.058922e-002	3.550396e-002	-1.439537e-002
5.121408911954079e+000	1.085001e-002	-1.581225e-002	1.057953e-002	-2.741025e-003	-5.315879e-002	1.057018e-002	1.085001e-002	-3.162451e-002	3.173861e-002	-1.096410e-002
5.181397751239794e+000	1.209006e-002	-1.622500e-002	9.369538e-003	-1.937168e-003	-5.150623e-002	1.130756e-002	1.209006e-002	-3.245000e-002	2.810861e-002	-7.748673e-003
5.241386590525508e+000	1.320077e-002	-1.653284e-002	8.204662e-003	-1.187270e-003	-4.972685e-002	1.191209e-002	1.320077e-002	-3.306568e-002	2.461399e-002	-4.749080e-003
5.270683465525508e+000	1.370228e-002	-1.665662e-002	7.656350e-003	-8.395221e-004	-4.884503e-002	1.217371e-002	1.370228e-002	-3.331324e-002	2.296905e-002	-3.358088e-003
5.299980340525508e+000	1.417558e-002	-1.675995e-002	7.120212e-003	-5.040767e-004	-4.794564e-002	1.240943e-002	1.417558e-002	-3.351991e-002	2.136064e-002	-2.016307e-003
5.319511590525508e+000	1.447565e-002	-1.681777e-002	6.769596e-003	-2.872255e-004	-4.733698e-002	1.255254e-002	1.447565e-002	-3.363554e-002	2.030879e-002	-1.148902e-003
5.329277215525508e+000	1.462110e-002	-1.684342e-002	6.596340e-003	-1.808205e-004	-4.703009e-002	1.261997e-002	1.462110e-002	-3.368684e-002	1.978902e-002	-7.232818e-004
5.339042840525508e+000	1.476351e-002	-1.686692e-002	6.424455e-003	-7.575642e-005	-4.672155e-002	1.268468e-002	1.476351e-002	-3.373385e-002	1.927336e-002	-3.030257e-004
5.348808465525508e+000	1.490289e-002	-1.688831e-002	6.253945e-003	2.797123e-005	-4.641142e-002	1.274669e-002	1.490289e-002	-3.377661e-002	1.876183e-002	1.118849e-004
5.358574090525508e+000	1.503927e-002	-1.690759e-002	6.084811e-003	1.303672e-004	-4.609975e-002	1.280604e-002	1.503927e-002	-3.381518e-002	1.825443e-002	5.214689e-004
5.368339715525508e+000	1.517266e-002	-1.692479e-002	5.917056e-003	2.314364e-004	-4.578658e-002	1.286275e-002	1.517266e-002	-3.384957e-002	1.775117e-002	9.257454e-004
5.387870965525508e+000	1.543054e-002	-1.695303e-002	5.585690e-003	4.296136e-004	-4.515597e-002	1.296836e-002	1.543054e-002	-3.390606e-002	1.675707e-002	1.718455e-003
5.417167840525508e+000	1.579536e-002	-1.698033e-002	5.099026e-003	7.170527e-004	-4.420009e-002	1.310765e-002	1.579536e-002	-3.396065e-002	1.529708e-002	2.868211e-003
5.446464715525508e+000	1.613420e-002	-1.699004e-002	4.624859e-003	9.928244e-004	-4.323338e-002	1.322460e-002	1.613420e-002	-3.398008e-002	1.387458e-002	3.971298e-003
5.492502661954079e+000	1.661028e-002	-1.696581e-002	3.905385e-003	1.401296e-003	-4.168481e-002	1.335838e-002	1.661028e-002	-3.393161e-002	1.171615e-002	5.605183e-003
5.538540608382651e+000	1.703034e-002	-1.690713e-002	3.216571e-003	1.783553e-003	-4.012816e-002	1.344811e-002	1.703034e-002	-3.381427e-002	9.649713e-003	7.134211e-003
5.584578554811222e+000	1.739439e-002	-1.681401e-002	2.558419e-003	2.139595e-003	-3.856345e-002	1.349381e-002	1.739439e-002	-3.362803e-002	7.675257e-003	8.558380e-003
5.630616501239794e+000	1.770242e-002	-1.668645e-002	1.930928e-003	2.469423e-003	-3.699067e-002	1.349547e-002	1.770242e-002	-3.337290e-002	5.792784e-003	9.877691e-003
5.676654447668366e+000	1.795445e-002	-1.652444e-002	1.334098e-003	2.773036e-003	-3.540982e-002	1.345308e-002	1.795445e-002	-3.304889e-002	4.002294e-003	1.109214e-002
5.722692394096937e+000	1.815046e-002	-1.632799e-002	7.679290e-004	3.050434e-003	-3.382091e-002	1.336666e-002	1.815046e-002	-3.265598e-002	2.303787e-003	1.220174e-002
5.768730340525508e+000	1.829046e-002	-1.609710e-002	2.324212e-004	3.301618e-003	-3.222392e-002	1.323620e-002	1.829046e-002	-3.219419e-002	6.972636e-004	1.320647e-002
5.778495965525508e+000	1.831491e-002	-1.604568e-002	1.225659e-004	3.352188e-003	-3.188793e-002	1.320532e-002	1.831491e-002	-3.209136e-002	3.676976e-004	1.340875e-002
5.788261590525508e+000	1.833719e-002	-1.599306e-002	1.404699e-005	3.401696e-003	-3.155221e-002	1.317288e-002	1.833719e-002	-3.198612e-002	4.214099e-005	1.360678e-002
5.798027215525508e+000	1.835732e-002	-1.593925e-002	-9.313910e-005	3.450151e-003	-3.121681e-002	1.313891e-002	1.835732e-002	-3.187851e-002	-2.794173e-004	1.380060e-002
5.807792840525508e+000	1.837532e-002	-1.588428e-002	-1.989962e-004	3.497559e-003	-3.088176e-002	1.310343e-002	1.837532e-002	-3.176857e-002	-5.969885e-004	1.399024e-002
5.827324090525508e+000	1.840501e-002	-1.577093e-002	-4.067388e-004	3.589265e-003	-3.021283e-002	1.302804e-002	1.840501e-002	-3.154185e-002	-1.220217e-003	1.435706e-002
5.846855340525508e+000	1.842642e-002	-1.565314e-002	-6.092130e-004	3.676872e-003	-2.954568e-002	1.294689e-002	1.842642e-002	-3.130627e-002	-1.827639e-003	1.470749e-002
5.876152215525508e+000	1.844337e-002	-1.546846e-002	-9.031194e-004	3.800725e-003	-2.854880e-002	1.281478e-002	1.844337e-002	-3.093692e-002	-2.709358e-003	1.520290e-002
5.924980340525508e+000	1.842626e-002	-1.513535e-002	-1.365342e-003	3.985117e-003	-2.689223e-002	1.256200e-002	1.842626e-002	-3.027070e-002	-4.096025e-003	1.594047e-002
5.973808465525508e+000	1.836883e-002	-1.478437e-002	-1.797511e-003	4.148111e-003	-2.526156e-002	1.228527e-002	1.836883e-002	-2.956874e-002	-5.392533e-003	1.659244e-002
6.022636590525508e+000	1.827109e-002	-1.441552e-002	-2.199627e-003	4.289706e-003	-2.365679e-002	1.198458e-002	1.827109e-002	-2.883103e-002	-6.598882e-003	1.715883e-002
6.071464715525508e+000	1.813303e-002	-1.402879e-002	-2.571691e-003	4.409904e-003	-2.207791e-002	1.165995e-002	1.813303e-002	-2.805757e-002	-7.715072e-003	1.763961e-002
6.120292840525508e+000	1.795466e-002	-1.362418e-002	-2.913701e-003	4.508703e-003	-2.052493e-002	1.131137e-002	1.795466e-002	-2.724837e-002	-8.741104e-003	1.803481e-002
6.169120965525508e+000	1.773598e-002	-1.320171e-002	-3.225659e-003	4.586103e-003	-1.899784e-002	1.093884e-002	1.773598e-002	-2.640341e-002	-9.676978e-003	1.834441e-002
6.217949090525508e+000	1.747698e-002	-1.276135e-002	-3.507564e-003	4.642106e-003	-1.749665e-002	1.054237e-002	1.747698e-002	-2.552271e-002	-1.052269e-002	1.856842e-002
6.227714715525508e+000	1.742255e-002	-1.267292e-002	-3.561012e-003	4.651582e-003	-1.720188e-002	1.046237e-002	1.742255e-002	-2.534584e-002	-1.068303e-002	1.860633e-002
6.237480340525508e+000	1.736687e-002	-1.258407e-002	-3.613373e-003	4.660344e-003	-1.690852e-002	1.038177e-002	1.736687e-002	-2.516813e-002	-1.084012e-002	1.864138e-002
6.257011590525508e+000	1.725185e-002	-1.240513e-002	-3.714864e-003	4.675752e-003	-1.632608e-002	1.021882e-002	1.725185e-002	-2.481027e-002	-1.114459e-002	1.870301e-002
6.286308465525508e+000	1.707044e-002	-1.213390e-002	-3.859125e-003	4.693686e-003	-1.546336e-002	9.970296e-003	1.707044e-002	-2.426781e-002	-1.157737e-002	1.877474e-002
6.315605340525508e+000	1.687881e-002	-1.185961e-002	-3.993982e-003	4.705589e-003	-1.461412e-002	9.717254e-003	1.687881e-002	-2.371922e-002	-1.198195e-002	1.882236e-002
6.386754894096937e+000	1.635813e-002	-1.117246e-002	-4.276279e-003	4.703908e-003	-1.260320e-002	9.073906e-003	1.635813e-002	-2.234493e-002	-1.282884e-002	1.881563e-002
6.457904447668365e+000	1.580332e-002	-1.048523e-002	-4.514257e-003	4.677474e-003	-1.068628e-002	8.425727e-003	1.580332e-002	-2.097045e-002	-1.354277e-002	1.870990e-002
6.529054001239794e+000	1.521439e-002	-9.797901e-003	-4.707915e-003	4.626289e-003	-8.863364e-003	7.772718e-003	1.521439e-002	-1.959580e-002	-1.412375e-002	1.850516e-002
6.600203554811222e+000	1.459133e-002	-9.110488e-003	-4.857255e-003	4.550352e-003	-7.134447e-003	7.114879e-003	1.459133e-002	-1.822098e-002	-1.457176e-002	1.820141e-002
6.671353108382651e+000	1.393415e-002	-8.422987e-003	-4.962276e-003	4.449663e-003	-5.499532e-003	6.452210e-003	1.393415e-002	-1.684597e-002	-1.488683e-002	1.779865e-002
6.742502661954079e+000	1.324284e-002	-7.735398e-003	-5.022977e-003	4.324222e-003	-3.958618e-003	5.784711e-003	1.324284e-002	-1.547080e-002	-1.506893e-002	1.729689e-002
6.813652215525508e+000	1.251740e-002	-7.047721e-003	-5.039360e-003	4.174030e-003	-2.511704e-003	5.112382e-003	1.251740e-002	-1.409544e-002	-1.511808e-002	1.669612e-002
6.835973644096937e+000	1.229112e-002	-6.837270e-003	-5.039394e-003	4.125401e-003	-2.079833e-003	4.906897e-003	1.229112e-002	-1.367454e-002	-1.511818e-002	1.650160e-002
6.858295072668365e+000	1.206401e-002	-6.628343e-003	-5.036376e-003	4.075452e-003	-1.657677e-003	4.702797e-003	1.206401e-002	-1.325669e-002	-1.510913e-002	1.630181e-002
6.880616501239794e+000	1.183607e-002	-6.420942e-003	-5.030305e-003	4.024182e-003	-1.245236e-003	4.500082e-003	1.183607e-002	-1.284188e-002	-1.509091e-002	1.609673e-002
6.902937929811222e+000	1.160730e-002	-6.215066e-003	-5.021182e-003	3.971593e-003	-8.425109e-004	4.298752e-003	1.160730e-002	-1.243013e-002	-1.506354e-002	1.588637e-002
6.925259358382651e+000	1.137771e-002	-6.010715e-003	-5.009006e-003	3.917684e-003	-4.495007e-004	4.098807e-003	1.137771e-002	-1.202143e-002	-1.502702e-002	1.567074e-002
6.947580786954079e+000	1.114729e-002	-5.807888e-003	-4.993777e-003	3.862455e-003	-6.620558e-005	3.900247e-003	1.114729e-002	-1.161578e-002	-1.498133e-002	1.544982e-002
6.969902215525508e+000	1.091604e-002	-5.606587e-003	-4.975496e-003	3.805905e-003	3.073743e-004	3.703072e-003	1.091604e-002	-1.121317e-002	-1.492649e-002	1.522362e-002
6.989433465525508e+000	1.071375e-002	-5.432088e-003	-4.957431e-003	3.755680e-003	6.263917e-004	3.532153e-003	1.071375e-002	-1.086418e-002	-1.487229e-002	1.502272e-002
7.018730340525508e+000	1.041004e-002	-5.173013e-003	-4.926511e-003	3.678879e-003	1.091139e-003	3.278351e-003	1.041004e-002	-1.034603e-002	-1.477953e-002	1.471552e-002
7.048027215525508e+000	1.010628e-002	-4.917277e-003	-4.891172e-003	3.600447e-003	1.539432e-003	3.027801e-003	1.010628e-002	-9.834553e-003	-1.467351e-002	1.440179e-002
7.099645519096937e+000	9.568608e-003	-4.473922e-003	-4.816350e-003	3.457072e-003	2.287280e-003	2.593162e-003	9.568608e-003	-8.947845e-003	-1.444905e-002	1.382829e-002
7.151263822668365e+000	9.036464e-003	-4.043468e-003	-4.731808e-003	3.311474e-003	2.987234e-003	2.171726e-003	9.036464e-003	-8.086936e-003	-1.419542e-002	1.324590e-002
7.202882126239794e+000	8.509851e-003	-3.625914e-003	-4.637546e-003	3.163654e-003	3.639293e-003	1.763494e-003	8.509851e-003	-7.251827e-003	-1.391264e-002	1.265461e-002
7.254500429811222e+000	7.988768e-003	-3.221259e-003	-4.533564e-003	3.013610e-003	4.243458e-003	1.368466e-003	7.988768e-003	-6.442518e-003	-1.360069e-002	1.205444e-002
7.306118733382651e+000	7.473216e-003	-2.829504e-003	-4.419862e-003	2.861345e-003	4.799728e-003	9.866419e-004	7.473216e-003	-5.659009e-003	-1.325959e-002	1.144538e-002
7.357737036954079e+000	6.963195e-003	-2.450649e-003	-4.296440e-003	2.706856e-003	5.308103e-003	6.180218e-004	6.963195e-003	-4.901299e-003	-1.288932e-002	1.082742e-002
7.409355340525508e+000	6.458704e-003	-2.084694e-003	-4.163298e-003	2.550144e-003	5.768583e-003	2.626057e-004	6.458704e-003	-4.169389e-003	-1.248989e-002	1.020058e-002
7.428886590525508e+000	6.271375e-003	-1.950384e-003	-4.112038e-003	2.491377e-003	5.932187e-003	1.325533e-004	6.271375e-003	-3.900768e-003	-1.233611e-002	9.965507e-003
7.438652215525508e+000	6.178234e-003	-1.884001e-003	-4.086070e-003	2.461995e-003	6.011640e-003	6.833606e-005	6.178234e-003	-3.768003e-003	-1.225821e-002	9.847979e-003
7.448417840525508e+000	6.085451e-003	-1.818136e-003	-4.059884e-003	2.432618e-003	6.089539e-003	4.661056e-006	6.085451e-003	-3.636273e-003	-1.217965e-002	9.730473e-003
7.458183465525508e+000	5.993032e-003	-1.752790e-003	-4.033485e-003	2.403251e-003	6.165893e-003	-5.846973e-005	5.993032e-003	-3.505581e-003	-1.210046e-002	9.613004e-003
7.477714715525508e+000	5.809309e-003	-1.623661e-003	-3.980072e-003	2.344557e-003	6.313997e-003	-1.830910e-004	5.809309e-003	-3.247323e-003	-1.194021e-002	9.378228e-003
7.507011590525508e+000	5.536597e-003	-1.433896e-003	-3.898494e-003	2.256669e-003	6.524779e-003	-3.658956e-004	5.536597e-003	-2.867792e-003	-1.169548e-002	9.026675e-003
7.557234804811222e+000	5.076179e-003	-1.119598e-003	-3.753369e-003	2.105781e-003	6.851667e-003	-6.677403e-004	5.076179e-003	-2.239195e-003	-1.126011e-002	8.423122e-003
7.607458019096937e+000	4.628358e-003	-8.194311e-004	-3.605797e-003	1.956974e-003	7.143641e-003	-9.546084e-004	4.628358e-003	-1.638862e-003	-1.081739e-002	7.827895e-003
7.657681233382651e+000	4.193134e-003	-5.333964e-004	-3.455778e-003	1.810248e-003	7.400700e-003	-1.226500e-003	4.193134e-003	-1.066793e-003	-1.036733e-002	7.240994e-003
7.707904447668366e+000	3.770506e-003	-2.614935e-004	-3.303312e-003	1.665605e-003	7.622846e-003	-1.483414e-003	3.770506e-003	-5.229869e-004	-9.909936e-003	6.662418e-003
7.758127661954079e+000	3.360474e-003	-3.722379e-006	-3.148400e-003	1.523042e-003	7.810076e-003	-1.725352e-003	3.360474e-003	-7.444757e-006	-9.445198e-003	6.092169e-003
7.808350876239794e+000	2.963040e-003	2.399169e-004	-2.991040e-003	1.382561e-003	7.962393e-003	-1.952314e-003	2.963040e-003	4.798338e-004	-8.973119e-003	5.530246e-003
7.858574090525508e+000	2.578202e-003	4.694244e-004	-2.831233e-003	1.244162e-003	8.079795e-003	-2.164298e-003	2.578202e-003	9.388487e-004	-8.493698e-003	4.976648e-003
7.917167840525508e+000	2.147934e-003	7.187314e-004	-2.644410e-003	1.086958e-003	8.177208e-003	-2.391913e-003	2.147934e-003	1.437463e-003	-7.933229e-003	4.347832e-003
7.975761590525508e+000	1.737674e-003	9.502342e-004	-2.459514e-003	9.351001e-004	8.241462e-003	-2.600594e-003	1.737674e-003	1.900468e-003	-7.378542e-003	3.740401e-003
8.034355340525508e+000	1.347420e-003	1.163933e-003	-2.276547e-003	7.885884e-004	8.272558e-003	-2.790339e-003	1.347420e-003	2.327866e-003	-6.829640e-003	3.154354e-003
8.092949090525508e+000	9.771743e-004	1.359827e-003	-2.095507e-003	6.474228e-004	8.270496e-003	-2.961150e-003	9.771743e-004	2.719655e-003	-6.286520e-003	2.589691e-003
8.151542840525508e+000	6.269354e-004	1.537918e-003	-1.916395e-003	5.116033e-004	8.235275e-003	-3.113026e-003	6.269354e-004	3.075836e-003	-5.749184e-003	2.046413e-003
8.210136590525508e+000	2.967039e-004	1.698204e-003	-1.739211e-003	3.811300e-004	8.166896e-003	-3.245968e-003	2.967039e-004	3.396408e-003	-5.217632e-003	1.524520e-003
8.268730340525508e+000	-1.352052e-005	1.840686e-003	-1.563954e-003	2.560028e-004	8.065358e-003	-3.359975e-003	-1.352052e-005	3.681372e-003	-4.691863e-003	1.024011e-003
8.278495965525508e+000	-6.323400e-005	1.863015e-003	-1.535370e-003	2.358282e-004	8.046820e-003	-3.377477e-003	-6.323400e-005	3.726030e-003	-4.606109e-003	9.433128e-004
8.298027215525508e+000	-1.609929e-004	1.906332e-003	-1.478536e-003	1.959840e-004	8.007659e-003	-3.411059e-003	-1.609929e-004	3.812664e-003	-4.435607e-003	7.839359e-004
8.317558465525508e+000	-2.565329e-004	1.947876e-003	-1.422162e-003	1.568164e-004	7.965782e-003	-3.442763e-003	-2.565329e-004	3.895753e-003	-4.266486e-003	6.272657e-004
8.346855340525508e+000	-3.956984e-004	2.006915e-003	-1.338499e-003	9.934184e-005	7.898044e-003	-3.486847e-003	-3.956984e-004	4.013829e-003	-4.015498e-003	3.973674e-004
8.366386590525508e+000	-4.857241e-004	2.044118e-003	-1.283346e-003	6.188128e-005	7.849718e-003	-3.513956e-003	-4.857241e-004	4.088236e-003	-3.850037e-003	2.475251e-004
8.385917840525508e+000	-5.735591e-004	2.079621e-003	-1.228706e-003	2.510864e-005	7.798944e-003	-3.539267e-003	-5.735591e-004	4.159243e-003	-3.686118e-003	1.004345e-004
8.395683465525508e+000	-6.166581e-004	2.096742e-003	-1.201583e-003	6.981031e-006	7.772664e-003	-3.551255e-003	-6.166581e-004	4.193484e-003	-3.604750e-003	2.792412e-005
8.405449090525508e+000	-6.592133e-004	2.113446e-003	-1.174595e-003	-1.097374e-005	7.745801e-003	-3.562804e-003	-6.592133e-004	4.226892e-003	-3.523784e-003	-4.389497e-005
8.415214715525508e+000	-7.012257e-004	2.129736e-003	-1.147741e-003	-2.875545e-005	7.718364e-003	-3.573914e-003	-7.012257e-004	4.259471e-003	-3.443224e-003	-1.150218e-004
8.434745965525508e+000	-7.836284e-004	2.161083e-003	-1.094447e-003	-6.379881e-005	7.661806e-003	-3.594835e-003	-7.836284e-004	4.322166e-003	-3.283342e-003	-2.551952e-004
8.464042840525508e+000	-9.031986e-004	2.205065e-003	-1.015563e-003	-1.150612e-004	7.572898e-003	-3.623012e-003	-9.031986e-004	4.410131e-003	-3.046688e-003	-4.602446e-004
8.522636590525508e+000	-1.126771e-003	2.280772e-003	-8.612542e-004	-2.127525e-004	7.376887e-003	-3.666353e-003	-1.126771e-003	4.561543e-003	-2.583763e-003	-8.510099e-004
8.581230340525508e+000	-1.332674e-003	2.344364e-003	-7.129695e-004	-3.042863e-004	7.168647e-003	-3.697064e-003	-1.332674e-003	4.688728e-003	-2.138909e-003	-1.217145e-003
8.639824090525508e+000	-1.520908e-003	2.395842e-003	-5.707085e-004	-3.896628e-004	6.948179e-003	-3.715145e-003	-1.520908e-003	4.791685e-003	-1.712125e-003	-1.558651e-003
8.698417840525508e+000	-1.691474e-003	2.435207e-003	-4.344710e-004	-4.688818e-004	6.715482e-003	-3.720595e-003	-1.691474e-003	4.870414e-003	-1.303413e-003	-1.875527e-003
8.757011590525508e+000	-1.844370e-003	2.462458e-003	-3.042571e-004	-5.419433e-004	6.470556e-003	-3.713414e-003	-1.844370e-003	4.924915e-003	-9.127714e-004	-2.167773e-003
8.815605340525508e+000	-1.979598e-003	2.477594e-003	-1.800669e-004	-6.088475e-004	6.213402e-003	-3.693603e-003	-1.979598e-003	4.955188e-003	-5.402007e-004	-2.435390e-003
8.874199090525508e+000	-2.097157e-003	2.480617e-003	-6.190028e-005	-6.695942e-004	5.944019e-003	-3.661161e-003	-2.097157e-003	4.961234e-003	-1.857008e-004	-2.678377e-003
8.893730340525508e+000	-2.133240e-003	2.479940e-003	-2.408034e-005	-6.885999e-004	5.854145e-003	-3.648664e-003	-2.133240e-003	4.959880e-003	-7.224103e-005	-2.754400e-003
8.903495965525508e+000	-2.150631e-003	2.479199e-003	-5.440605e-006	-6.978611e-004	5.808956e-003	-3.642003e-003	-2.150631e-003	4.958397e-003	-1.632181e-005	-2.791444e-003
8.913261590525508e+000	-2.167593e-003	2.478193e-003	1.301869e-005	-7.069618e-004	5.763609e-003	-3.635071e-003	-2.167593e-003	4.956385e-003	3.905606e-005	-2.827847e-003
8.923027215525508e+000	-2.184129e-003	2.476925e-003	3.129734e-005	-7.159030e-004	5.718109e-003	-3.627872e-003	-2.184129e-003	4.953849e-003	9.389201e-005	-2.863612e-003
8.942558465525508e+000	-2.215933e-003	2.473616e-003	6.731208e-005	-7.333087e-004	5.626680e-003	-3.612684e-003	-2.215933e-003	4.947231e-003	2.019363e-004	-2.933235e-003
8.971855340525508e+000	-2.260511e-003	2.466764e-003	1.199760e-004	-7.582362e-004	5.488563e-003	-3.587979e-003	-2.260511e-003	4.933528e-003	3.599279e-004	-3.032945e-003
9.017893286954079e+000	-2.322352e-003	2.450848e-003	1.993765e-004	-7.943684e-004	5.268084e-003	-3.543862e-003	-2.322352e-003	4.901696e-003	5.981296e-004	-3.177474e-003
9.063931233382650e+000	-2.376212e-003	2.430569e-003	2.748004e-004	-8.273320e-004	5.047230e-003	-3.495419e-003	-2.376212e-003	4.861139e-003	8.244011e-004	-3.309328e-003
9.109969179811222e+000	-2.422092e-003	2.405929e-003	3.462474e-004	-8.571270e-004	4.826002e-003	-3.442652e-003	-2.422092e-003	4.811858e-003	1.038742e-003	-3.428508e-003
9.156007126239794e+000	-2.459992e-003	2.376926e-003	4.137178e-004	-8.837535e-004	4.604399e-003	-3.385560e-003	-2.459992e-003	4.753852e-003	1.241153e-003	-3.535014e-003
9.202045072668366e+000	-2.489912e-003	2.343561e-003	4.772114e-004	-9.072113e-004	4.382421e-003	-3.324144e-003	-2.489912e-003	4.687123e-003	1.431634e-003	-3.628845e-003
9.248083019096937e+000	-2.511852e-003	2.305835e-003	5.367282e-004	-9.275005e-004	4.160070e-003	-3.258403e-003	-2.511852e-003	4.611669e-003	1.610185e-003	-3.710002e-003
9.294120965525508e+000	-2.525811e-003	2.263746e-003	5.922683e-004	-9.446212e-004	3.937343e-003	-3.188337e-003	-2.525811e-003	4.527491e-003	1.776805e-003	-3.778485e-003
9.340158911954079e+000	-2.532933e-003	2.218398e-003	6.438661e-004	-9.588653e-004	3.716511e-003	-3.115176e-003	-2.532933e-003	4.436796e-003	1.931598e-003	-3.835461e-003
9.386196858382650e+000	-2.534349e-003	2.170624e-003	6.918636e-004	-9.706226e-004	3.498594e-003	-3.039836e-003	-2.534349e-003	4.341249e-003	2.075591e-003	-3.882490e-003
9.432234804811222e+000	-2.530060e-003	2.120425e-003	7.362607e-004	-9.798929e-004	3.283593e-003	-2.962316e-003	-2.530060e-003	4.240849e-003	2.208782e-003	-3.919572e-003
9.478272751239794e+000	-2.520065e-003	2.067799e-003	7.770575e-004	-9.866764e-004	3.071508e-003	-2.882616e-003	-2.520065e-003	4.135598e-003	2.331172e-003	-3.946705e-003
9.524310697668366e+000	-2.504364e-003	2.012747e-003	8.142540e-004	-9.909729e-004	2.862339e-003	-2.800737e-003	-2.504364e-003	4.025494e-003	2.442762e-003	-3.963892e-003
9.570348644096937e+000	-2.482958e-003	1.955269e-003	8.478501e-004	-9.927825e-004	2.656086e-003	-2.716678e-003	-2.482958e-003	3.910538e-003	2.543550e-003	-3.971130e-003
9.616386590525508e+000	-2.455846e-003	1.895365e-003	8.778459e-004	-9.921052e-004	2.452748e-003	-2.630440e-003	-2.455846e-003	3.790729e-003	2.633538e-003	-3.968421e-003
9.626152215525508e+000	-2.449663e-003	1.882581e-003	8.838214e-004	-9.917406e-004	2.410325e-003	-2.612126e-003	-2.449663e-003	3.765162e-003	2.651464e-003	-3.966962e-003
9.635917840525508e+000	-2.443277e-003	1.869728e-003	8.896488e-004	-9.912816e-004	2.368088e-003	-2.593758e-003	-2.443277e-003	3.739457e-003	2.668947e-003	-3.965126e-003
9.655449090525508e+000	-2.429903e-003	1.843826e-003	9.008629e-004	-9.900844e-004	2.284187e-003	-2.556872e-003	-2.429903e-003	3.687652e-003	2.702588e-003	-3.960337e-003
9.684745965525508e+000	-2.408387e-003	1.804511e-003	9.165955e-004	-9.876054e-004	2.159801e-003	-2.501200e-003	-2.408387e-003	3.609023e-003	2.749786e-003	-3.950422e-003
9.694511590525508e+000	-2.400831e-003	1.791287e-003	9.215507e-004	-9.865986e-004	2.118734e-003	-2.482555e-003	-2.400831e-003	3.582573e-003	2.764652e-003	-3.946394e-003
9.704277215525508e+000	-2.393099e-003	1.778013e-003	9.263666e-004	-9.855069e-004	2.077878e-003	-2.463879e-003	-2.393099e-003	3.556026e-003	2.779100e-003	-3.942027e-003
9.714042840525508e+000	-2.385190e-003	1.764691e-003	9.310431e-004	-9.843303e-004	2.037231e-003	-2.445170e-003	-2.385190e-003	3.529382e-003	2.793129e-003	-3.937321e-003
9.723808465525508e+000	-2.377104e-003	1.751320e-003	9.355801e-004	-9.830688e-004	1.996794e-003	-2.426430e-003	-2.377104e-003	3.502639e-003	2.806740e-003	-3.932275e-003
9.733574090525508e+000	-2.368842e-003	1.737900e-003	9.399777e-004	-9.817225e-004	1.956567e-003	-2.407658e-003	-2.368842e-003	3.475799e-003	2.819933e-003	-3.926890e-003
9.743339715525508e+000	-2.360404e-003	1.724431e-003	9.442358e-004	-9.802913e-004	1.916551e-003	-2.388854e-003	-2.360404e-003	3.448862e-003	2.832708e-003	-3.921165e-003
9.753105340525508e+000	-2.351789e-003	1.710913e-003	9.483545e-004	-9.787752e-004	1.876744e-003	-2.370019e-003	-2.351789e-003	3.421826e-003	2.845064e-003	-3.915101e-003
9.762870965525508e+000	-2.343014e-003	1.697358e-003	9.523396e-004	-9.771802e-004	1.837160e-003	-2.351164e-003	-2.343014e-003	3.394717e-003	2.857019e-003	-3.908721e-003
9.794958019096937e+000	-2.312810e-003	1.652394e-003	9.643979e-004	-9.712929e-004	1.708517e-003	-2.288900e-003	-2.312810e-003	3.304788e-003	2.893194e-003	-3.885172e-003
9.827045072668366e+000	-2.281171e-003	1.607224e-003	9.751205e-004	-9.646595e-004	1.582452e-003	-2.226643e-003	-2.281171e-003	3.214447e-003	2.925362e-003	-3.858638e-003
9.859132126239794e+000	-2.248096e-003	1.561847e-003	9.845073e-004	-9.572800e-004	1.458966e-003	-2.164391e-003	-2.248096e-003	3.123694e-003	2.953522e-003	-3.829120e-003
9.891219179811222e+000	-2.213586e-003	1.516264e-003	9.925584e-004	-9.491543e-004	1.338057e-003	-2.102146e-003	-2.213586e-003	3.032528e-003	2.977675e-003	-3.796617e-003
9.923306233382650e+000	-2.177640e-003	1.470474e-003	9.992738e-004	-9.402826e-004	1.219727e-003	-2.039908e-003	-2.177640e-003	2.940949e-003	2.997821e-003	-3.761130e-003
9.955393286954079e+000	-2.140259e-003	1.424479e-003	1.004653e-003	-9.306648e-004	1.103974e-003	-1.977676e-003	-2.140259e-003	2.848958e-003	3.013960e-003	-3.722659e-003
9.987480340525508e+000	-2.101443e-003	1.378277e-003	1.008697e-003	-9.203008e-004	9.908001e-004	-1.915450e-003	-2.101443e-003	2.756554e-003	3.026092e-003	-3.681203e-003
9.997245965525508e+000	-2.089491e-003	1.364259e-003	1.009734e-003	-9.170568e-004	9.568902e-004	-1.896600e-003	-2.089491e-003	2.728517e-003	3.029201e-003	-3.668227e-003
1.000000000000000e+001	-2.086104e-003	1.360305e-003	1.010008e-003	-9.161326e-004	9.473680e-004	-1.891288e-003	-2.086104e-003	2.720611e-003	3.030024e-003	-3.664531e-003
